9.909270090630835082e-01 -5.886878221038968281e-03 1.342721392326127194e-01 2.879204000000000208e-01 7.448177316484189819e-03 9.999103363701159486e-01 -1.112851629210706052e-02 -7.903058999999999779e-02 -1.341945876850243469e-01 1.202763006631559980e-02 9.908820054633318275e-01 2.986690999999999985e+00
9.911277780123664005e-01 -4.891732709262224671e-03 1.328224326059810889e-01 3.119633937839508264e-01 6.648524158784537008e-03 9.998961479733990965e-01 -1.278633624102440761e-02 -9.119301369264364021e-02 -1.327460913879550397e-01 1.355596617949491114e-02 9.910573701870951657e-01 4.134341361061096620e+00
9.909983960186921070e-01 -6.407697919197651547e-03 1.337203069685218570e-01 5.903044487003326068e-01 8.137826611476155214e-03 9.998900530330047109e-01 -1.239587123588703835e-02 -9.559083670228361862e-02 -1.336261758280201661e-01 1.337248118456149659e-02 9.909415834853978478e-01 4.853609146610260439e+00
9.910144708465563612e-01 -9.481598747035149821e-03 1.334182066208356443e-01 7.387882913116454731e-01 1.088139697624522506e-02 9.998930990541794461e-01 -9.766558435513321423e-03 -1.107087296977603413e-01 -1.333113415001331847e-01 1.113057721006222890e-02 9.910117035022369958e-01 5.886642517581940126e+00
9.907317104781384609e-01 -1.288826716223993168e-02 1.352204511995747371e-01 8.600093419317245136e-01 1.459149118502993392e-02 9.998261057497715987e-01 -1.161234886850693281e-02 -1.247438307464086987e-01 -1.350472740859993970e-01 1.347779027887911762e-02 9.907474869668555506e-01 6.460887374416351747e+00
9.907206031284713221e-01 -1.569464471950547321e-02 1.350050542160792511e-01 6.931151742700576435e-01 1.710781244452691530e-02 9.998102709639595798e-01 -9.313690371518454358e-03 -1.283624985799157736e-01 -1.348332647758738179e-01 1.153690608881447095e-02 9.908011357016991427e-01 7.188729109302521181e+00
9.903629572017538241e-01 -2.124383260340832746e-02 1.368572708295603679e-01 1.135280847049140895e+00 2.235161453635664194e-02 9.997286317998407279e-01 -6.562628073945353351e-03 -1.464607374355161307e-01 -1.366807167460552808e-01 9.558364710407867698e-03 9.905690381461796923e-01 8.132638158336639833e+00
9.891504847008186774e-01 -2.719920734897671166e-02 1.443659299686833875e-01 1.437868415809059108e+00 2.818196723368660006e-02 9.995914454272908367e-01 -4.766440120135953529e-03 -1.858700768634641287e-01 -1.441773052147072298e-01 8.783242463168038777e-03 9.895128899174878701e-01 9.022362949386597109e+00
9.890299244108275989e-01 -2.794969273341858448e-02 1.450469692755419759e-01 1.783235132193946804e+00 2.868829724812194462e-02 9.995838963501376684e-01 -3.002625264774588191e-03 -1.849397871255838988e-01 -1.449026922486809088e-01 7.130836808170012454e-03 9.894202145425872175e-01 9.929670514598846864e+00
9.885391802719530885e-01 -3.104995179317934784e-02 1.477368930257315360e-01 2.113143711781883205e+00 3.187588213465972903e-02 9.994866299029181445e-01 -3.225644655638102570e-03 -2.074510980009997008e-01 -1.475608932115568261e-01 7.897919912762146888e-03 9.890214384206539311e-01 1.070866650535202069e+01
9.883133414652129911e-01 -3.295359249590443240e-02 1.488314476966448863e-01 2.521865933633232082e+00 3.313234846575415643e-02 9.994501548662277912e-01 1.278836587270703630e-03 -2.379831023126804945e-01 -1.487917557091424092e-01 3.667244126994422850e-03 9.888617520935389926e-01 1.181388133956527753e+01
9.880669585678028000e-01 -3.720537349056136228e-02 1.494638604144817307e-01 3.048897474503898586e+00 3.616580613527342614e-02 9.992990339146663459e-01 9.668261674177211495e-03 -2.609514653295242903e-01 -1.497188026039403819e-01 -4.147408907062216134e-03 9.887199194646580924e-01 1.267459058953857465e+01
9.877612790895515804e-01 -4.222039612123112268e-02 1.501502370385719987e-01 3.585681527352714504e+00 4.084955092799125165e-02 9.990907773645578693e-01 1.220380162345816033e-02 -2.841174233317339537e-01 -1.505289663830668978e-01 -5.920872946585072245e-03 9.885878683977443737e-01 1.361797791911697431e+01
9.869330962367625082e-01 -4.401607713457465071e-02 1.550020919413686304e-01 4.220968454575920070e+00 4.290777228398650472e-02 9.990239622346255288e-01 1.049027924581806895e-02 -3.018650155127012846e-01 -1.553125449863689278e-01 -3.702409311901692229e-03 9.878584440774621500e-01 1.406266126228904767e+01
9.872620277750910889e-01 -4.341493585474526934e-02 1.530647962731587208e-01 4.961027115083122219e+00 4.284638938920855983e-02 9.990570604860233850e-01 7.012617865993985358e-03 -3.334920372426474211e-01 -1.532249177833799880e-01 -3.650174714934155775e-04 9.881912726453931928e-01 1.484174004389381452e+01
9.873054854300411520e-01 -4.424141287144681134e-02 1.525469626930966438e-01 5.510971158242607082e+00 4.363905703877137693e-02 9.990207198470473227e-01 7.296164544088632603e-03 -3.587236892044508574e-01 -1.527203691081110981e-01 -5.465376709235088499e-04 9.882692903030310116e-01 1.553403601242637677e+01
9.874130988682059407e-01 -4.227702588502531972e-02 1.524074317932152256e-01 6.182357161736869777e+00 4.202087847007374838e-02 9.991047038209208697e-01 4.902711037094532008e-03 -3.915081064760649321e-01 -1.524782540432895461e-01 1.563293071325883889e-03 9.883055894604073632e-01 1.597629162861442609e+01
9.864184194766164593e-01 -4.708597963175260859e-02 1.573582290170170428e-01 7.080591171479606594e+00 4.718140643852152677e-02 9.988814299910254713e-01 3.131086962536909490e-03 -4.064610901832544920e-01 -1.573296431183165422e-01 4.335820706868335345e-03 9.875366241588515726e-01 1.664710471226310773e+01
9.855061548574981511e-01 -4.747581890937890153e-02 1.628608773059778414e-01 7.940560429788017238e+00 4.814102929431840483e-02 9.988405389239900511e-01 -1.382046185459048511e-04 -4.092973744109237311e-01 -1.626654850804942209e-01 7.976491767492197016e-03 9.866490336196608313e-01 1.627820167137718244e+01
9.845429404432128884e-01 -5.172703703396897001e-02 1.673305473101627527e-01 8.476674466824913878e+00 5.244918003515089411e-02 9.986235891158099509e-01 1.038031717747616600e-04 -4.279780251517856238e-01 -1.671056011540981989e-01 8.674151321284606295e-03 9.859008455021138762e-01 1.684015998436546369e+01
9.844068160644733334e-01 -5.270580048389644778e-02 1.678252635366856149e-01 9.047112255788231749e+00 5.316432353113380999e-02 9.985842212380432459e-01 1.762894746593139401e-03 -4.637995970979297278e-01 -1.676805748716386213e-01 7.186911002811608405e-03 9.858151820300570245e-01 1.738976994349098248e+01
9.841198703660455349e-01 -5.492182255763704279e-02 1.687947693433213825e-01 9.413035243249321837e+00 5.519680983121845463e-02 9.984707860627549669e-01 3.066196940927319332e-03 -4.785729519635403273e-01 -1.687050471538238949e-01 6.299427447925535009e-03 9.856464499396597745e-01 1.789637336327171369e+01
9.831292288162923887e-01 -5.530190965484876181e-02 1.743519952154526931e-01 1.016625353643932428e+01 5.664893516456726702e-02 9.983903587331089957e-01 -2.754947094704374329e-03 -4.919409513086044905e-01 -1.739189972136538920e-01 1.258532388541951964e-02 9.846795377334172095e-01 1.850525984360313458e+01
9.830031784992321331e-01 -5.907248363286161930e-02 1.738251786648076780e-01 1.084122213671245660e+01 6.024775996818430152e-02 9.981823448954049161e-01 -1.487870265546765644e-03 -5.210063963741028426e-01 -1.734213322495910814e-01 1.193515884085105151e-02 9.847754025686368262e-01 1.895317390753364606e+01
9.822060828764169749e-01 -6.193756583099486318e-02 1.772990375030173427e-01 1.173110470125713434e+01 6.402637068170556611e-02 9.979296933064087938e-01 -6.078739565537306759e-03 -5.385741538912022230e-01 -1.765554717868976220e-01 1.732238887417009501e-02 9.841382525975698181e-01 1.951999864174461408e+01
9.808544949824243853e-01 -6.470591334534894767e-02 1.836779911990478187e-01 1.237369665453472223e+01 6.674376286886925247e-02 9.977579814724070184e-01 -4.927527393343407447e-03 -5.400698449075186369e-01 -1.829473415791479651e-01 1.709254768172940864e-02 9.829741171683363810e-01 1.985238123132324262e+01
9.795815519547521610e-01 -6.998170710929547955e-02 1.884742521937362303e-01 1.356829270670452203e+01 7.293567886632086605e-02 9.972980444424526247e-01 -8.774810514696402761e-03 -5.295194707423412916e-01 -1.873509269211877104e-01 2.234214003466749449e-02 9.820389294526175039e-01 2.011403152538871808e+01
9.787145160744902261e-01 -7.423237284748707143e-02 1.913307368054282531e-01 1.491671749899425592e+01 7.751676970722558291e-02 9.969435856322764744e-01 -9.728179727818786135e-03 -5.219905659168923018e-01 -1.900238049277861996e-01 2.435245137745799954e-02 9.814774127165001305e-01 2.011609462095832868e+01
9.769099112022915365e-01 -8.103073824822279447e-02 1.976892633748195960e-01 1.602853402445354547e+01 8.492788298004218250e-02 9.963230100483029261e-01 -1.130107697599264452e-02 -5.391930643081629393e-01 -1.960466273294673434e-01 2.782946473141465621e-02 9.801995923308191028e-01 2.024505055142974896e+01
9.756444060568302268e-01 -9.202637108312203273e-02 1.991209179249796568e-01 1.728908917257824029e+01 9.486088640650154613e-02 9.954793418380046832e-01 -4.721462055953052142e-03 -5.345495588690006850e-01 -1.977862613029220951e-01 2.349525481973998783e-02 9.799635543431028939e-01 2.042235741211509747e+01
9.740802183994710095e-01 -1.015210979280924963e-01 2.021415217077217052e-01 1.820496484587230768e+01 1.041499666606394703e-01 9.945587490019404120e-01 -2.383113149423634562e-03 -5.403832950241828081e-01 -2.007996826875639296e-01 2.337437612365137612e-02 9.793534224034772251e-01 2.072624093486404462e+01
9.725574550197588763e-01 -1.066601511089556448e-01 2.067742944635632962e-01 1.921188542196788873e+01 1.088147692541878708e-01 9.940615814580383569e-01 9.582595168348926338e-04 -5.496954637192154047e-01 -2.056485902641870256e-01 2.156813470280872710e-02 9.783882015272843402e-01 2.088778335048294110e+01
9.716650747931973031e-01 -1.110689476007442889e-01 2.086400520178072204e-01 2.021592578241863336e+01 1.133738330672015432e-01 9.935519778035921679e-01 9.172667117282255322e-04 -5.386071054808759806e-01 -2.073966161796775842e-01 2.276304640054240686e-02 9.779920691476930994e-01 2.107730172766780896e+01
9.691045295298439388e-01 -1.318458602902232712e-01 2.084540236336800134e-01 2.135130640814342584e+01 1.314287323204318125e-01 9.911978915253676359e-01 1.591314413652640536e-02 -5.256513374470138666e-01 -2.087172708842854330e-01 1.197534801149888195e-02 9.779027006173055536e-01 2.123990550829505963e+01
9.669645166723093155e-01 -1.358938063047613332e-01 2.156675610857859970e-01 2.237355276892223443e+01 1.357374860263744210e-01 9.906218948388700873e-01 1.560757358100174803e-02 -5.224354172669315455e-01 -2.157659805991830604e-01 1.418220271504326731e-02 9.763421053822385343e-01 2.147962668730354352e+01
9.657232606256485052e-01 -1.392879995251410929e-01 2.190375243533627392e-01 2.324645349333324518e+01 1.390928866413976561e-01 9.901437044805557752e-01 1.638942840019254332e-02 -5.093435234002733347e-01 -2.191614764787119252e-01 1.463890931067011320e-02 9.755787767073783590e-01 2.140003418369627042e+01
9.638332461521276207e-01 -1.436788882401707212e-01 2.244590178315872542e-01 2.445590159246959772e+01 1.438766209104495319e-01 9.894732430001372814e-01 1.556339751410400381e-02 -5.187597804315352557e-01 -2.243323239465125629e-01 1.729388507131229130e-02 9.743592407176611125e-01 2.160533916397428555e+01
9.628015473438901184e-01 -1.481443974237035277e-01 2.259787997670988924e-01 2.529022738287487115e+01 1.486423683177061639e-01 9.887786380476131232e-01 1.490809449965242381e-02 -4.993129958011174319e-01 -2.256515605377329703e-01 1.923648753475999326e-02 9.740181367788850464e-01 2.156898552371597333e+01
9.620401936408488064e-01 -1.501041212811972947e-01 2.279197634999603206e-01 2.653221604177990045e+01 1.515080260573967164e-01 9.883899665180231331e-01 1.142769122318612607e-02 -4.882401124186778185e-01 -2.269889509638507163e-01 2.353777519012588068e-02 9.736128539000651338e-01 2.163591906620597882e+01
9.600457986571931945e-01 -1.589990901800923118e-01 2.302853747040286003e-01 2.806142947027721490e+01 1.602886226520219282e-01 9.869816331796057440e-01 1.322169483976270814e-02 -4.691398673303389666e-01 -2.293896726729207358e-01 2.421869294617183532e-02 9.730333154537872398e-01 2.169644332869386716e+01
9.597904066830932335e-01 -1.631237685772458368e-01 2.284578984501511312e-01 2.894910570929088678e+01 1.635833352415869968e-01 9.863820636469745606e-01 1.705628760235629315e-02 -4.266397513993048785e-01 -2.281290592413447449e-01 2.100144377639015861e-02 9.734043721336811394e-01 2.185763936682081265e+01
9.576414653079144967e-01 -1.707675361285601046e-01 2.318647720709023918e-01 3.012273737738170709e+01 1.705041467111685916e-01 9.851260633917781062e-01 2.133014722206345165e-02 -4.142952271349692461e-01 -2.320585268358111575e-01 1.910727167335842316e-02 9.725141398930885472e-01 2.173641085816955609e+01
9.562545233865774597e-01 -1.785205812159557925e-01 2.317491932780499364e-01 3.098750516722240533e+01 1.790581995361157919e-01 9.836571127131644721e-01 1.889036229629295280e-02 -3.830124930091166613e-01 -2.313340607900059021e-01 2.343259889807353807e-02 9.725921373460141295e-01 2.217175480915641828e+01
9.555448668394288525e-01 -1.841825817899978013e-01 2.302407088722345785e-01 3.233501264402904951e+01 1.852065323386851703e-01 9.825464370755419008e-01 1.735048613836773571e-02 -3.787100518666172144e-01 -2.294178455044373344e-01 2.606291532674135866e-02 9.729790216694156335e-01 2.188975894643402142e+01
9.533679034975992561e-01 -1.972705165263483607e-01 2.284162513702123476e-01 3.341639277288952314e+01 1.986921643460375642e-01 9.799146156245095440e-01 1.699323138655196852e-02 -3.870573144949936983e-01 -2.271806866969098282e-01 2.918371797590940675e-02 9.734152485948753819e-01 2.180953928275442166e+01
9.508789375638828645e-01 -2.015984698716331291e-01 2.349197800160675309e-01 3.461642143080273115e+01 2.048655060961645513e-01 9.787318822345263403e-01 1.067834770100785542e-02 -3.818611249871516344e-01 -2.320762170265270874e-01 3.797314370811923773e-02 9.719561048975302597e-01 2.211091318173742337e+01
9.490770038899358774e-01 -2.087497490367529462e-01 2.359584348235835849e-01 3.595787641356029951e+01 2.134683451867579185e-01 9.769335554768084906e-01 5.665137833174405113e-03 -3.475224495477938769e-01 -2.316983087778800299e-01 4.499300457331516234e-02 9.717466353164985193e-01 2.203438815666770978e+01
9.465279217571345161e-01 -2.123728873225390335e-01 2.428634391266170922e-01 3.720656844923534834e+01 2.166821543710792664e-01 9.761993109042299555e-01 9.151468036031951137e-03 -3.489368286527657625e-01 -2.390266456092869918e-01 4.396205318675268370e-02 9.700173197259818192e-01 2.185544395639038129e+01
9.442806107647504499e-01 -2.198715486128777208e-01 2.449298475978884948e-01 3.862036129782238447e+01 2.242092183985281983e-01 9.744856275013128455e-01 1.039173606736036939e-02 -3.226957832075619814e-01 -2.409654633321361150e-01 4.510281481180006963e-02 9.694851115809780540e-01 2.152088451577758832e+01
9.421610441756609333e-01 -2.228891627320640778e-01 2.503057889351102405e-01 4.015655907938518965e+01 2.281013593620790092e-01 9.736013480023698596e-01 8.377650335273592250e-03 -3.138311960346961138e-01 -2.455653409889111127e-01 4.920199492467634134e-02 9.681305836510032403e-01 2.135299793078041120e+01
9.397458401759767321e-01 -2.273307897442370384e-01 2.553399066072694068e-01 4.185187587091961348e+01 2.324507026295813406e-01 9.725529463892842452e-01 1.036519737081029527e-02 -2.606216528065466997e-01 -2.506879070058257719e-01 4.961328958840952041e-02 9.667957875256051326e-01 2.076070794655418439e+01
9.373196263657078697e-01 -2.329797097716891918e-01 2.591377488216440317e-01 4.337240609476604902e+01 2.380936479263387195e-01 9.711688690177212591e-01 1.193493477020516301e-02 -2.372183807738089678e-01 -2.544471120818207477e-01 5.051220333285669911e-02 9.657666304380585487e-01 2.056145036412811322e+01
9.345578012891280206e-01 -2.411124343998006236e-01 2.616610594403235845e-01 4.488262852976360762e+01 2.453910918543233677e-01 9.692800755811169511e-01 1.671368062418328651e-02 -2.088904724068904040e-01 -2.576527276940295819e-01 4.858939245623456610e-02 9.650150998054695117e-01 2.054327333910799069e+01
9.335607905197722545e-01 -2.441390814740320436e-01 2.624125745864974157e-01 4.629108211348095381e+01 2.494798611297636970e-01 9.682885256007164321e-01 1.330902252851941248e-02 -1.796607569403910754e-01 -2.573403374808775346e-01 5.304187107377308918e-02 9.648639855535190435e-01 2.045724158181285901e+01
9.311607965881339988e-01 -2.482514794369880817e-01 2.670407718957883980e-01 4.808032283136883223e+01 2.550108664089758004e-01 9.668900766216602660e-01 9.645607492712799866e-03 -1.637686312742495653e-01 -2.605936087295606107e-01 5.911668705117575223e-02 9.636369588187233548e-01 1.980689971341228528e+01
9.295090784853751176e-01 -2.522926423015017239e-01 2.690005495418091308e-01 4.955133256266155684e+01 2.590457789588317961e-01 9.658056938754991938e-01 1.070729103357253957e-02 -1.547981676258111117e-01 -2.625036331498687425e-01 5.973093267472102952e-02 9.630805045607179204e-01 1.959667514456844373e+01
9.257340426070497230e-01 -2.631506939845479343e-01 2.716030092135577889e-01 5.119349667379894697e+01 2.687743560841535650e-01 9.630533112444940036e-01 1.699015045737919602e-02 -1.386614580251240847e-01 -2.660391472508468746e-01 5.727156324448075958e-02 9.622593933932657162e-01 1.936661796464061780e+01
9.228053263697885145e-01 -2.670004999392005529e-01 2.777427994669979250e-01 5.264791950533428633e+01 2.725246312524575720e-01 9.619555756910321831e-01 1.928200605867751855e-02 -1.325766359068417666e-01 -2.723245398128125161e-01 5.789821611372673871e-02 9.604619417689532757e-01 1.927868838055467648e+01
9.207638013464546356e-01 -2.709588380255993911e-01 2.806694322968635302e-01 5.422735473463573896e+01 2.764427027607701537e-01 9.608081207556742331e-01 2.066850696760890935e-02 -1.221620578862691042e-01 -2.752697844303786945e-01 5.855820340282467257e-02 9.595819311522525430e-01 1.910618955834245725e+01
9.183755994993125782e-01 -2.768029076860847870e-01 2.827833243683350317e-01 5.576399621317425215e+01 2.823003584710744307e-01 9.590741394626657312e-01 2.198414476503616696e-02 -1.082218017972970125e-01 -2.772954486669066410e-01 5.964013171075334407e-02 9.589318478589304862e-01 1.876253385289049191e+01
9.186105187080367829e-01 -2.750932132501951455e-01 2.836872202666772536e-01 5.724541589567699873e+01 2.805736809738631488e-01 9.595807264048811236e-01 2.198269903941818884e-02 -8.233642844333888267e-02 -2.782680802099452011e-01 5.940162906826214340e-02 9.586648642775577045e-01 1.846113190992212338e+01
9.172625558363238785e-01 -2.789112507992655976e-01 2.843200974926041180e-01 5.886042925665417158e+01 2.834216653091507498e-01 9.586417692113331501e-01 2.604069808497322738e-02 -6.192123969867469047e-02 -2.798241649572146827e-01 5.669631823102935092e-02 9.583756905332289078e-01 1.802251995547151608e+01
9.146379091783267690e-01 -2.851810794395471249e-01 2.865471113509845957e-01 6.064980813810863935e+01 2.902753985774039203e-01 9.566032151001837569e-01 2.550454549136172908e-02 -2.119246577694655631e-02 -2.813853018098637637e-01 5.985015279584816189e-02 9.577266160735460332e-01 1.757852790696954770e+01
9.135737376749100136e-01 -2.874052797802197912e-01 2.877172761325749173e-01 6.218315073797741377e+01 2.935224776742212383e-01 9.556840170606709650e-01 2.264099456219716491e-02 9.104333018515098352e-03 -2.814739436087842495e-01 6.376726973324770009e-02 9.574477293200325256e-01 1.711625272972917600e+01
9.128643240332666720e-01 -2.884218583353345133e-01 2.889490570008484416e-01 6.381632825682201826e+01 2.944071150887838662e-01 9.553901574322727352e-01 2.353927922933864159e-02 2.190296271965264108e-02 -2.828483277171475185e-01 6.358049005732381576e-02 9.570550374934995164e-01 1.679286823613977475e+01
9.122192333813154974e-01 -2.913967291020911898e-01 2.880000286767477324e-01 6.565186855146923506e+01 2.963820774787526702e-01 9.546828040451585951e-01 2.717366022184141208e-02 3.613713489994763162e-02 -2.828669906485797858e-01 6.056971131742231590e-02 9.572447835701902719e-01 1.628601715906000180e+01
9.107916886634798148e-01 -2.967560883588128973e-01 2.870441148734866332e-01 6.721670851061382734e+01 3.008977722023387091e-01 9.531632971202260718e-01 3.066365448815928929e-02 3.746266024336575295e-02 -2.826995411124617053e-01 5.844273303736021580e-02 9.574264548308279998e-01 1.606893793685770078e+01
9.102374747666797106e-01 -3.024643643256934022e-01 2.828127434247483807e-01 6.886291095564403975e+01 3.057051133089161987e-01 9.515286008038472687e-01 3.372989103237070824e-02 5.099795865044354226e-02 -2.793065040903291441e-01 5.575509093640775016e-02 9.585818935320612466e-01 1.571711150749063535e+01
9.096257743932777418e-01 -3.048115554512221825e-01 2.822602809869575458e-01 7.051339277575054609e+01 3.056657609646670770e-01 9.512055028350812069e-01 4.214894957352148530e-02 4.427066831067560937e-02 -2.813350193867105165e-01 4.793753268230144249e-02 9.584114981713295345e-01 1.542059926135873837e+01
9.111505546360380015e-01 -3.047485252265241806e-01 2.773679923111153633e-01 7.234008762190380537e+01 3.069111010031640996e-01 9.510298661570447676e-01 3.671198385185844848e-02 7.348683489635943200e-02 -2.749731675408821352e-01 5.167717145483148589e-02 9.600620954307913513e-01 1.519951058371400876e+01
9.124062111628994387e-01 -3.007666467448436021e-01 2.775866171796200210e-01 7.452323815176525557e+01 3.004703440874251785e-01 9.527440637117948752e-01 4.468021246502090760e-02 9.667653976157664086e-02 -2.779073193626730998e-01 4.264004300886173326e-02 9.596610592166671116e-01 1.461031378252840085e+01
9.117537351124084255e-01 -3.039317345451126307e-01 2.762799798120947337e-01 7.636540099928417646e+01 3.027236575921668504e-01 9.518633002694631973e-01 4.811075486984504185e-02 9.828976554945467736e-02 -2.776031585601879126e-01 3.977132555654862983e-02 9.598722456769350764e-01 1.420436475618219418e+01
9.087333926950208474e-01 -3.099586745328771764e-01 2.795160837640995877e-01 7.863348218748608076e+01 3.095363762868488244e-01 9.497333362254626321e-01 4.683825164604939889e-02 1.019175650008058431e-01 -2.799836651596009918e-01 4.395691235601306701e-02 9.589978816973071529e-01 1.347996280534601254e+01
9.084582300229804286e-01 -3.110740266273572807e-01 2.791712633158288659e-01 8.017091378519573652e+01 3.101780727377835278e-01 9.494366007239906091e-01 4.857678867883391538e-02 1.111767759002780798e-01 -2.801663925173537018e-01 4.246282095570226567e-02 9.590118358708072943e-01 1.325911671860551877e+01
9.063653110499891863e-01 -3.129061910876261288e-01 2.838866648933874304e-01 8.212847515890636885e+01 3.120056279764892304e-01 9.487831367737856736e-01 4.962909917268823468e-02 9.877790337577818658e-02 -2.848761327950325994e-01 4.359214324542817071e-02 9.575726155289827624e-01 1.296832338912820859e+01
9.059919705991112959e-01 -3.166005275478543379e-01 2.809673560511248280e-01 8.422703167746105635e+01 3.138482365649733485e-01 9.478198376797101199e-01 5.600749687197918714e-02 1.085764822937583807e-01 -2.840384368619778277e-01 3.743876676960054134e-02 9.580816797788045402e-01 1.253644914372301145e+01
9.061799048719607619e-01 -3.189741733448895333e-01 2.776570848100015643e-01 8.588743826696911299e+01 3.149701043578170268e-01 9.471915907631832665e-01 6.018242059219803403e-02 1.170677655763959768e-01 -2.821910937061442581e-01 3.291758081109108502e-02 9.587933142791909003e-01 1.242034380330181165e+01
9.033967931001286589e-01 -3.241585890286617366e-01 2.807052606834267161e-01 8.784628316710033857e+01 3.202849467278718332e-01 9.453600393830519089e-01 6.092576497015726733e-02 1.071956298701500776e-01 -2.851171463029321673e-01 3.486552877301247327e-02 9.578583443220873850e-01 1.191601489676570935e+01
8.994515605601076658e-01 -3.336007684885242131e-01 2.823073103372510939e-01 8.952812549421825850e+01 3.279012540119847219e-01 9.422115907305970151e-01 6.868832441023546564e-02 9.253952758536099221e-02 -2.889076977571812810e-01 3.078710049328992754e-02 9.568617959872057765e-01 1.152814020408725781e+01
8.976906048709090147e-01 -3.377482141256937798e-01 2.829800731171825401e-01 9.120826420137920820e+01 3.305902349104211657e-01 9.408513743085598069e-01 7.422121020009568582e-02 7.354471193775891091e-02 -2.913102718895679843e-01 2.692276576800275295e-02 9.562497007450654340e-01 1.135202501906490369e+01
8.954964068205145677e-01 -3.433200146322259450e-01 2.832270342401579377e-01 9.259713002989330732e+01 3.357938931835054985e-01 9.388374667335422918e-01 7.633264280770932220e-02 7.975528495535610940e-02 -2.921106753821434143e-01 2.675030112490316830e-02 9.560103423695347491e-01 1.081334023369884534e+01
8.930004471847738934e-01 -3.490377816557173052e-01 2.841176311048819736e-01 9.453340634653606855e+01 3.415826824386992144e-01 9.366841976108857271e-01 7.709724381606583576e-02 6.866512367651222970e-02 -2.930383462719115539e-01 2.820178935647404961e-02 9.556846690678449940e-01 1.037745996011829419e+01
8.874196395416922289e-01 -3.627206898830358517e-01 2.844645575224923895e-01 9.639782413790264570e+01 3.543300720471236898e-01 9.314860587332042252e-01 8.236457022750520718e-02 5.701099069938420083e-02 -2.948501032707517844e-01 2.770240993949883018e-02 9.551418706583703067e-01 1.003224910987949414e+01
8.874536049598381604e-01 -3.615126045991038373e-01 2.858928746222256789e-01 9.826681563208141768e+01 3.521334895996240943e-01 9.320372364822882005e-01 8.549032291932734395e-02 2.938027972504853036e-02 -2.973686340994609600e-01 2.480376032845442100e-02 9.544405004647432689e-01 9.665916161671638918e+00
8.843159136956173505e-01 -3.661113321040762592e-01 2.897375662382499217e-01 1.002751912767652556e+02 3.569958368749978628e-01 9.301615753761681704e-01 8.575206206060050074e-02 6.695651581141937037e-03 -3.008975527295052466e-01 2.760319182094594925e-02 9.532569048072458973e-01 9.149279074803352785e+00
8.826187932199831554e-01 -3.734621696175560723e-01 2.854996912773256623e-01 1.017788231069807097e+02 3.643762032291205100e-01 9.272308450861894702e-01 8.644618233954221020e-02 2.607638495192288186e-02 -2.970084988266011861e-01 2.773026839571660768e-02 9.544720969412726630e-01 8.745727377072334718e+00
8.801861159877863994e-01 -3.819732689207910314e-01 2.817247292168369999e-01 1.037274465257886931e+02 3.744664077520325485e-01 9.235816791568751682e-01 8.229089494625402290e-02 3.278956854865311410e-02 -2.916287206151402800e-01 3.306514412084073096e-02 9.559599288446375409e-01 8.555450486079216432e+00
8.758380823502940338e-01 -3.923421201919009005e-01 2.810254690028708424e-01 1.056906853611234709e+02 3.860760365273929740e-01 9.190088570145232838e-01 7.979984178028565189e-02 5.298991048857926156e-02 -2.895737341753542027e-01 3.860545883917782667e-02 9.563768457169787851e-01 8.255688296690941286e+00
8.718000744266330981e-01 -4.011182486643592449e-01 2.811917154152202558e-01 1.070106762344602629e+02 3.951520335066109890e-01 9.151021641215949520e-01 8.026767491066219562e-02 8.565299132988213326e-02 -2.895159764940566371e-01 4.113611319036842434e-02 9.562888264255114956e-01 7.972184108630180788e+00
8.671336355625713921e-01 -4.091091246566037620e-01 2.840932632054922191e-01 1.087666340763334318e+02 4.038086372242954414e-01 9.113516295036545589e-01 7.985481766362503842e-02 1.166462703995442274e-01 -2.915781929073142931e-01 4.547451510176746259e-02 9.554654498709851396e-01 7.432454096213341188e+00
8.618173510669703274e-01 -4.187885941616747987e-01 2.861589886758731938e-01 1.109170761997465178e+02 4.153014035452124997e-01 9.065110618741034632e-01 7.591072989546228389e-02 1.827779218010640028e-01 -2.911968365440926187e-01 5.342104547810113541e-02 9.551704530013161998e-01 6.208177791968346071e+00
8.565893307083155550e-01 -4.289130552267464425e-01 2.868593898981486867e-01 1.129400759632352873e+02 4.264133315231352639e-01 9.014516403808595646e-01 7.454267740025359579e-02 2.040714166514611128e-01 -2.905621950908631734e-01 5.846820598167448008e-02 9.550681021127570558e-01 5.801630066767692995e+00
8.514109015736009978e-01 -4.381239225992387132e-01 2.883520506739710720e-01 1.151110549862150236e+02 4.357256336292213428e-01 8.968543045637117350e-01 7.612836911398229711e-02 2.164863973312115553e-01 -2.919634375740250976e-01 6.082585660553783274e-02 9.544933558114278016e-01 5.354315059319496584e+00
8.461528723575073574e-01 -4.478234610357283985e-01 2.889281300723786083e-01 1.170533798630003020e+02 4.465282532728941378e-01 8.916751408619806307e-01 7.435026696539205615e-02 2.283118768982624891e-01 -2.909258249626491266e-01 6.610288128930882912e-02 9.544593094810556178e-01 5.097146170273781252e+00
8.411931139848962680e-01 -4.556521830534044359e-01 2.911618674604556922e-01 1.190585361416105314e+02 4.564956444065779717e-01 8.870238020327476658e-01 6.928564977823198356e-02 2.486342127822375181e-01 -2.898376642574534423e-01 7.463151282156547939e-02 9.541615511388771287e-01 4.495016174450874757e+00
8.363460153595351221e-01 -4.648009568334411368e-01 2.906637457939083014e-01 1.205403628046278044e+02 4.658628112993749015e-01 8.820778847537299461e-01 7.007457653549256649e-02 2.608778897129034879e-01 -2.889587922878816273e-01 7.680283689489099397e-02 9.542558045956155421e-01 4.160299735203743410e+00
8.299645710760735762e-01 -4.740027909955578100e-01 2.940751007598750300e-01 1.225786416227582976e+02 4.750070917238106705e-01 8.769564059231502728e-01 7.290901811462137394e-02 2.774708523802494886e-01 -2.924501215089445050e-01 7.917585641325543266e-02 9.529974345141917214e-01 3.679083215132713747e+00
8.241918951153908157e-01 -4.847967518113138752e-01 2.927111707115053751e-01 1.246545481378797575e+02 4.860151454298778928e-01 8.708280212501097184e-01 7.380945615836201346e-02 3.027185379914975050e-01 -2.906836741870367224e-01 8.142890665370533521e-02 9.533479609892219209e-01 3.195761160984993410e+00
8.204924595520206587e-01 -4.942943924909225517e-01 2.871675075113921949e-01 1.263698626453641936e+02 4.958254594401490523e-01 8.653606840529366462e-01 7.285602422860089356e-02 2.900602679155802610e-01 -2.845157949732154412e-01 8.260714283561214344e-02 9.551056603137141332e-01 2.631046729222298097e+00
8.167238377352792345e-01 -5.005188845443193646e-01 2.871289241603285913e-01 1.284294770653013416e+02 5.017912984835373180e-01 8.617434341662931763e-01 7.485817548864795445e-02 2.812758918307757261e-01 -2.848993956489956902e-01 8.294033931564281925e-02 9.549624256864994720e-01 2.379985885754585695e+00
8.110790983444381430e-01 -5.089366135017187043e-01 2.883300533523610598e-01 1.306859963829282947e+02 5.113240576273122562e-01 8.562765447173364963e-01 7.306289796114215362e-02 2.711906304039096716e-01 -2.840746456836903411e-01 8.817030341527384851e-02 9.547395421136302129e-01 1.851869063511848879e+00
8.061081522396826848e-01 -5.158784356814822836e-01 2.899294508868519027e-01 1.333071442539457507e+02 5.207338210154792701e-01 8.511182876451872659e-01 6.658789744798213062e-02 2.734701895542478445e-01 -2.811155181475107900e-01 9.729902381191177230e-02 9.547287391829709646e-01 8.288155366334919449e-01
8.055204714920932707e-01 -5.170399729559645996e-01 2.894934133496844253e-01 1.354259622986082263e+02 5.210999998217943352e-01 8.506736984605193230e-01 6.934730660398814861e-02 2.668972575493192556e-01 -2.821197621452308790e-01 9.499434253257992011e-02 9.546646084850538561e-01 -5.648074851894335779e-02
8.029860485435844630e-01 -5.219768379304500217e-01 2.876692310770983529e-01 1.379147356445554919e+02 5.260231141637521368e-01 8.476111616196303489e-01 6.967784485250021198e-02 2.949801610238885763e-01 -2.802018722454017174e-01 9.537032747112522690e-02 9.551918191799079194e-01 -6.511303614225383285e-01
8.007470782473148363e-01 -5.251158445084397330e-01 2.881969231698647271e-01 1.401243956978086658e+02 5.301573867991722366e-01 8.452427048541854004e-01 6.706649769485024948e-02 3.069270384885406378e-01 -2.788140274460049195e-01 9.908642559386568460e-02 9.552196702132812467e-01 -1.221078080996512938e+00
7.985324722599145275e-01 -5.284242205882766497e-01 2.882945262091202721e-01 1.423414426738981433e+02 5.346069221485882927e-01 8.426884143042957520e-01 6.380967942346066346e-02 3.207175807483529928e-01 -2.766610372591017941e-01 1.031701482648146595e-01 9.554133089766617681e-01 -2.082738621100425291e+00
7.937540642735986252e-01 -5.333808713860059836e-01 2.923342803857407191e-01 1.445088094169859119e+02 5.412426055895563914e-01 8.386784624153870160e-01 6.062077676168586143e-02 3.343449515678024175e-01 -2.775084275184662164e-01 1.101057796851155762e-01 9.543928907615358836e-01 -2.534270537957191038e+00
7.885138718535756874e-01 -5.396191400374668046e-01 2.950543299118107421e-01 1.466890583927396960e+02 5.489320914461698342e-01 8.338503769097510565e-01 5.802678612503083672e-02 3.419228216089343908e-01 -2.773435286337445627e-01 1.162098646100710592e-01 9.537168523688214217e-01 -3.232414139374732542e+00
7.817398995350002266e-01 -5.477231834063878146e-01 2.981309172732345969e-01 1.491741221840147205e+02 5.579275608794241892e-01 8.278619574495768019e-01 5.797772174630101000e-02 3.323391807653045538e-01 -2.785669870715916097e-01 1.210119571237796288e-01 9.527625832005203188e-01 -3.691139204367637205e+00
7.765481023623981294e-01 -5.532822751568026165e-01 3.014162714829289880e-01 1.513199973995451160e+02 5.648219785007012606e-01 8.233039779594394370e-01 5.609538732120987470e-02 3.597905842043495062e-01 -2.791937988564787698e-01 1.266857682357231951e-01 9.518411310752508125e-01 -4.349471194609641600e+00
7.711403247850201481e-01 -5.589958968949449991e-01 3.047395391889108907e-01 1.534139660293821521e+02 5.710152577863888412e-01 8.189397073934807647e-01 5.726544358881694580e-02 3.589740340985393408e-01 -2.815744570546084291e-01 1.298512337596227639e-01 9.507126181057586889e-01 -4.969290299281119871e+00
7.653706566094705677e-01 -5.657095717232213383e-01 3.068883159423266838e-01 1.557241772110227771e+02 5.790730773218019101e-01 8.134037760872063760e-01 5.521474593016020838e-02 4.080266190148925665e-01 -2.808596252974895902e-01 1.354510151597367040e-01 9.501425647606523972e-01 -5.778859419688224364e+00
7.637703687667271035e-01 -5.658684233835009625e-01 3.105603825529082429e-01 1.576653352672819324e+02 5.808461955869053117e-01 8.123688840352681906e-01 5.171550370547967762e-02 4.546403569556808355e-01 -2.815537619463754360e-01 1.408890473697794188e-01 9.491458030592979656e-01 -6.900777859553336668e+00
7.603559991032894372e-01 -5.701003909331211483e-01 3.111981665844787415e-01 1.596985555584196277e+02 5.855512967112092015e-01 8.090058791525562842e-01 5.137281787502970265e-02 4.897323270715808752e-01 -2.810488099022303565e-01 1.431608597155728801e-01 9.489554966899333976e-01 -8.035848064288138914e+00
7.565167305621134375e-01 -5.741034831984208608e-01 3.131894426047132640e-01 1.619732538158659167e+02 5.907301754229878910e-01 8.053575205761149824e-01 4.936723504732959400e-02 5.034647045113181951e-01 -2.805713745632945066e-01 1.476633151156129253e-01 9.484066897406041585e-01 -8.818349702223777342e+00
7.583375450202135548e-01 -5.719389285670183343e-01 3.127459508967729285e-01 1.643411284382108875e+02 5.888284497069951051e-01 8.068459022863723185e-01 4.775716469124145075e-02 5.162026790358161810e-01 -2.796519705426235292e-01 1.479376623896047627e-01 9.486354533846639292e-01 -9.762594683035850096e+00
7.575432492661289263e-01 -5.733598805292919875e-01 3.120683785498806206e-01 1.663996444637541003e+02 5.900440249090513900e-01 8.059201316330499854e-01 4.838171243036086533e-02 5.245584604717826727e-01 -2.792423215783065293e-01 1.474828424868580012e-01 9.488269267951634500e-01 -1.072761772380733447e+01
7.542567104797460731e-01 -5.753052461899530456e-01 3.164185335952844902e-01 1.686236329967741199e+02 5.936186207327007747e-01 8.034435093492514612e-01 4.577619909915371654e-02 5.518481937624549749e-01 -2.805597045473182671e-01 1.533049281363029204e-01 9.475145651616362352e-01 -1.159258632169628100e+01
7.504961759225581286e-01 -5.807781419599923334e-01 3.153604917346425895e-01 1.709003761703733630e+02 6.000613593062148476e-01 7.987943660242194932e-01 4.305723952534698529e-02 5.551000080458855512e-01 -2.769148876337172438e-01 1.569213517322114171e-01 9.479946383695116996e-01 -1.219152466760539966e+01
7.474478145656378025e-01 -5.831826999884219820e-01 3.181504407277571667e-01 1.730147777492765613e+02 6.037333419020712855e-01 7.961332742432086773e-01 4.096170795443480200e-02 6.030359185688233259e-01 -2.771783115195137759e-01 1.614612897167674865e-01 9.471549163395549531e-01 -1.306484006153011279e+01
7.445225686781129504e-01 -5.888061685857034488e-01 3.146322306509121147e-01 1.752618974144224353e+02 6.081107025765494223e-01 7.926141916376940877e-01 4.431835541150163510e-02 5.948737041480874899e-01 -2.754768922084029903e-01 1.583352110237924160e-01 9.481784867888803925e-01 -1.369865445600414233e+01
7.404055901928771055e-01 -5.907058974007604046e-01 3.207274618536739008e-01 1.773482254440550037e+02 6.111085969799469053e-01 7.902803467082382127e-01 4.475775132765040520e-02 6.220938043125009420e-01 -2.799032774162144577e-01 1.628604199388830887e-01 9.461134387107036359e-01 -1.457079271779918628e+01
7.385696694077846791e-01 -5.895286336200827870e-01 3.270639594527557925e-01 1.795216053421262927e+02 6.109589688118831630e-01 7.903823778001095590e-01 4.499816986684214426e-02 6.289163940973615530e-01 -2.850332995619915821e-01 1.665883759602782843e-01 9.439302575591699274e-01 -1.525168536411189990e+01
7.379394697289205496e-01 -5.886272684720408321e-01 3.300958615725793077e-01 1.820087383682493396e+02 6.102620717875775203e-01 7.908625307892350742e-01 4.600718564724035065e-02 6.383651999212837103e-01 -2.881415325039642927e-01 1.674944661915430955e-01 9.428255729674905883e-01 -1.633447991119289355e+01
7.326026350736781767e-01 -5.926998876531146543e-01 3.346643426764919216e-01 1.844317091400388904e+02 6.139823998220742540e-01 7.876739903552625321e-01 5.094406370269678047e-02 6.637225990571117284e-01 -2.938009390587948411e-01 1.681562609414325449e-01 9.409593403087973540e-01 -1.722483680950069385e+01
7.301896458550790614e-01 -5.943181671342397943e-01 3.370593379513939780e-01 1.867735267574552722e+02 6.171776576411390769e-01 7.853718834957852390e-01 4.777806529025046406e-02 7.030780074574088934e-01 -2.931122992892504220e-01 1.731384441089855730e-01 9.402703117598090188e-01 -1.790579543815517383e+01
7.246190590043370960e-01 -5.967374384050807556e-01 3.447196671694429115e-01 1.894956253463987537e+02 6.210142377134245661e-01 7.822796429395922901e-01 4.878398097242869075e-02 7.260340919174289587e-01 -2.987784059882561682e-01 1.787260189453302728e-01 9.374371841713290410e-01 -1.896126733528041797e+01
7.239346211451452850e-01 -5.975689114965734294e-01 3.447173629514986293e-01 1.914015354807142444e+02 6.215659677764575619e-01 7.817729876538040967e-01 4.986725856672636487e-02 7.401643620260095480e-01 -2.992898461517707331e-01 1.781639463742465956e-01 9.373810304261570581e-01 -1.984433625446224170e+01
7.197626604988464072e-01 -5.982303107905027062e-01 3.522246553027215121e-01 1.937045242483381458e+02 6.238723589154893112e-01 7.799376906842727664e-01 4.980440172621891648e-02 7.707972714133596304e-01 -3.045077869822795935e-01 1.838958778808872929e-01 9.345893824378556092e-01 -2.087225447402858691e+01
7.182587536071406431e-01 -5.982657187016728884e-01 3.552217514357583483e-01 1.961199254686598010e+02 6.231794966547158365e-01 7.802144109492779034e-01 5.397025010361111014e-02 7.648908487908577802e-01 -3.094376800195669519e-01 1.826023076892570596e-01 9.332227598010380820e-01 -2.180978797183895068e+01
7.147152655109948460e-01 -6.003008912295387800e-01 3.589163262301809931e-01 1.983597080404524036e+02 6.259923809565157704e-01 7.779188751932277768e-01 5.455055089085683595e-02 7.764355867557263258e-01 -3.119545291063116066e-01 1.856907741572667303e-01 9.317742796208395850e-01 -2.292640434013271289e+01
7.144519578498327306e-01 -5.993196789535250035e-01 3.610738461084997963e-01 2.002868734295133777e+02 6.272424968226409936e-01 7.772790723053981665e-01 4.903156060904969443e-02 8.152143835477566602e-01 -3.100407232997627882e-01 1.914501662968811635e-01 9.312473268260459403e-01 -2.364197914110088306e+01
