9.999888901505727956e-01 -2.128535918349405177e-03 -4.205818620686870013e-03 3.267205999999999930e-03 2.141749978904755082e-03 9.999927770979353259e-01 3.139850153570300159e-03 -8.838229999999999698e-02 4.199104958640761769e-03 -3.148823082250003062e-03 9.999862261205115788e-01 4.566315000000000346e+00
9.999744138610052735e-01 -6.719231970526589638e-03 -2.454291153333888493e-03 -3.710787768492126298e-02 6.736070754434106585e-03 9.999533796887465353e-01 6.918366848081456202e-03 -1.236769296334266632e-01 2.407690621806953240e-03 -6.934722112646503171e-03 9.999730559645545469e-01 5.810708467903137553e+00
9.999901994184856591e-01 -4.406528506392939568e-03 4.284547814906758704e-04 -6.511764998564148477e-02 4.401895001120446037e-03 9.999375444092297727e-01 1.027280882907699935e-02 -1.457955818728685349e-01 -4.736954470402324657e-04 -1.027082213661583733e-02 9.999471415156210297e-01 7.226083104553223002e+00
9.999762869894925910e-01 -6.848457281792795330e-03 -7.239416878339678153e-04 8.008003954759215781e-02 6.855375436151768705e-03 9.999262005405421538e-01 1.002982054599596724e-02 -1.612285114930152863e-01 6.551994637754255876e-04 -1.003454560081995690e-02 9.999494380258672210e-01 8.806429808082580024e+00
9.999255740497484668e-01 -1.205963700859072341e-02 -1.847029101611382534e-03 -8.674525494703674844e-02 1.208638458485506925e-02 9.998109884888790599e-01 1.522848004751835987e-02 -1.873838193819999665e-01 1.663030050284164656e-03 -1.524967055748142897e-02 9.998823340168283558e-01 1.047762603038787788e+01
9.999157446079306455e-01 -1.227799680594785642e-02 -4.213606483839538695e-03 4.847613696923827598e-02 1.236634764606376995e-02 9.996896686927279063e-01 2.162497988254725653e-02 -1.983205992833852738e-01 3.946787435904477656e-03 -2.167526478401162957e-02 9.997572734246441550e-01 1.177319676155090278e+01
9.999047952486251889e-01 -1.268974787925337619e-02 -5.419477610065573381e-03 9.246128027310943076e-02 1.283197576619612978e-02 9.995511961644425458e-01 2.706929338139220376e-02 -2.157452721254110306e-01 5.073542819448048809e-03 -2.713625886140373991e-02 9.996188686785910660e-01 1.317672521347045844e+01
9.998701833947682971e-01 -1.197436431759088191e-02 -1.078104620628390214e-02 1.593216878639755196e-01 1.232259218171344317e-02 9.993848223900649863e-01 3.283489756800508225e-02 -2.279587965564012497e-01 1.038123692223604996e-02 -3.296348548876192053e-02 9.994026408532232786e-01 1.468315166706085151e+01
9.997017097093032767e-01 -1.627839376143560071e-02 -1.820729251820775094e-02 -8.031541879305267861e-02 1.693482369592206119e-02 9.991901627504564676e-01 3.649973163058002623e-02 -2.484870683507204026e-01 1.759839057084386371e-02 -3.679718140379751451e-02 9.991677857547510699e-01 1.654631382698059028e+01
9.996024191681429638e-01 -1.782700093766421620e-02 -2.184494519939446724e-02 -1.385754125846328788e-01 1.879284396674579805e-02 9.988175599088997547e-01 4.483649220526536583e-02 -2.621311880753517398e-01 2.101981467181797750e-02 -4.522919472199118246e-02 9.987554692395744782e-01 1.814080566638946479e+01
9.994947735302561753e-01 -1.934518400799768723e-02 -2.521827792293934722e-02 -2.480216401351394706e-01 2.065467635636367844e-02 9.983944295578774941e-01 5.274416908450013652e-02 -2.888366878138065585e-01 2.415744254501644636e-02 -5.323839670291714149e-02 9.982895827795595922e-01 1.983697516197204536e+01
9.994506349161504932e-01 -1.984894141591254241e-02 -2.654143723258358886e-02 -3.034893351329269739e-01 2.141751261891742392e-02 9.979575576227461831e-01 6.018308181591804779e-02 -3.095847573236704120e-01 2.529265741123331440e-02 -6.071847089898299576e-02 9.978344295386720741e-01 2.114376670593261665e+01
9.993701559626892994e-01 -1.926283938644405766e-02 -2.980326139673377533e-02 -3.430585044158401820e-01 2.120373327106647374e-02 9.975783587775124417e-01 6.624062042383188631e-02 -3.347543012456178912e-01 2.845510615828819243e-02 -6.683083956929439240e-02 9.973584841048798166e-01 2.272624069923400825e+01
9.993301311437804424e-01 -2.528843594934081229e-02 -2.645343069227243729e-02 -5.161889272464218470e-01 2.707882643604610229e-02 9.972025433573666886e-01 6.966939557973751695e-02 -3.549038004235506305e-01 2.461759831911441293e-02 -7.033905407976101531e-02 9.972193295981397476e-01 2.419294208759307807e+01
9.994182017478597801e-01 -2.297014196499153407e-02 -2.521171539546913920e-02 -4.438713418973389002e-01 2.478755199264182432e-02 9.969267888260509025e-01 7.431389498061902188e-02 -3.708354849473715076e-01 2.342723375232507246e-02 -7.489559599259845712e-02 9.969161521510357948e-01 2.561214036220550483e+01
9.995653031880834538e-01 -2.169283837463517953e-02 -1.996560607060810649e-02 -3.418019788993301722e-01 2.317886294614909456e-02 9.967241324180270423e-01 7.748383165574013187e-02 -3.997178915993452319e-01 1.821935715217154819e-02 -7.791292972789173876e-02 9.967936749429032739e-01 2.690818208927154487e+01
9.994729797718664432e-01 -2.507441033704602834e-02 -2.061641705523777762e-02 -4.073009866012039515e-01 2.672478829480074564e-02 9.960976410707472750e-01 8.411465475106479073e-02 -4.086650135100960979e-01 1.842683902746591537e-02 -8.462129400772706866e-02 9.962427857725815183e-01 2.814504915946960395e+01
9.996094352735075406e-01 -2.178135514749928586e-02 -1.750855448396161293e-02 -4.188782053721847864e-01 2.328484156453145687e-02 9.955938323430800763e-01 9.083356843003349834e-02 -4.201208939881205806e-01 1.545293064418572226e-02 -9.120577595940630722e-02 9.957121639139238090e-01 2.939445239776611274e+01
9.994784064077374408e-01 -2.824004567880847999e-02 -1.566572515743555258e-02 -3.286022173894348475e-01 2.967377978091624915e-02 9.944997519147812381e-01 1.004475496712204929e-01 -4.541966905922770747e-01 1.274291639159515210e-02 -1.008600181513836236e-01 9.948190161131518217e-01 3.077228278392791694e+01
9.992213848212199157e-01 -3.664549767941428088e-02 -1.461956277703484706e-02 -3.258512842191162440e-01 3.792403717176972416e-02 9.942898023413367925e-01 9.974746294828602811e-02 -4.687087787420630702e-01 1.088078676189586404e-02 -1.002242309017809807e-01 9.949053784252996913e-01 3.214153367752075496e+01
9.990631102903422267e-01 -3.796268982188538699e-02 -2.077825398041897517e-02 -2.973090338242950770e-01 3.981809722528833334e-02 9.944194153694113636e-01 9.769618963764892250e-02 -4.750264193968057880e-01 1.695348903161122620e-02 -9.843200962006869170e-02 9.949993561263291708e-01 3.350770038837433162e+01
9.991811697414137994e-01 -3.511427520337988273e-02 -2.009919677801416324e-02 -5.102379548085632655e-01 3.698722699874546632e-02 9.940975240402033508e-01 1.019904786540420383e-01 -4.898497741774797687e-01 1.639924001663823835e-02 -1.026503793177532819e-01 9.945823065753773840e-01 3.475913900608063045e+01
9.990287109124169618e-01 -4.051675082764513020e-02 -1.732130696700294806e-02 -6.088670718205871912e-01 4.211412168634553338e-02 9.935975602591581302e-01 1.048345792266849458e-01 -5.146662425355196246e-01 1.296285181826547367e-02 -1.054622261732556104e-01 9.943388171661200481e-01 3.598301202529907528e+01
9.990751860191235956e-01 -3.909854007986942465e-02 -1.789069155947541415e-02 -7.429096626771393153e-01 4.076675283841143388e-02 9.936301384182352203e-01 1.050581738370252871e-01 -5.239151772217035541e-01 1.366910911015468445e-02 -1.056903599699688667e-01 9.943051358941846773e-01 3.700879353755951229e+01
9.990205296838934323e-01 -4.016150212965352573e-02 -1.857511821773957100e-02 -7.156954931748810145e-01 4.190946645772417739e-02 9.934847777246395006e-01 1.059792104643768745e-01 -5.135188978270769367e-01 1.419781290699582629e-02 -1.066538802674972253e-01 9.941948360017489605e-01 3.816150087589264217e+01
9.992046270439414180e-01 -3.251562136766840416e-02 -2.308349325930401236e-02 -7.960065233243408533e-01 3.498392867802232326e-02 9.926187247680290371e-01 1.161214535481823185e-01 -5.346066728339672336e-01 1.913734642600575797e-02 -1.168366449662349843e-01 9.929667468575194000e-01 3.940116471523285213e+01
9.990309407337039094e-01 -3.776644926801917684e-02 -2.260253893740304248e-02 -7.998016106618347498e-01 4.022920725704529077e-02 9.918562642366216542e-01 1.208418883419265510e-01 -5.659069717035770664e-01 1.785470078719835624e-02 -1.216340676137202953e-01 9.924144110478950731e-01 4.033916956657409969e+01
9.990665790704950089e-01 -3.451844958244087297e-02 -2.597012173253877843e-02 -8.597063648236694666e-01 3.757050108934457955e-02 9.910543430381651975e-01 1.280614953570614056e-01 -6.080119833455562839e-01 2.131731766132768241e-02 -1.289176705638741816e-01 9.914261476197360201e-01 4.175466675037384334e+01
9.990896905237075520e-01 -2.971977172500628664e-02 -3.060270344031505718e-02 -9.684356081021728846e-01 3.344712799174553997e-02 9.910108201635311476e-01 1.295331770161963769e-01 -6.173966080055713901e-01 2.647791378387175099e-02 -1.304388342765259168e-01 9.911027346315995912e-01 4.314685208076477352e+01
9.989426812636251762e-01 -3.360604780850797585e-02 -3.137121452114458725e-02 -1.267520182086319114e+00 3.742772678039213430e-02 9.907450166852045381e-01 1.304740479232792127e-01 -6.306203799427628764e-01 2.669615736190724190e-02 -1.315102485136657173e-01 9.909552813916389091e-01 4.466244107955932918e+01
9.988879377272931182e-01 -3.036555220944454209e-02 -3.606689759226519576e-02 -1.090928666545242454e+00 3.507370357357912638e-02 9.898052729652940807e-01 1.380411421559980256e-01 -6.658070432127595195e-01 3.150750990713404448e-02 -1.391526314846946999e-01 9.897695802409450794e-01 4.579889184707641903e+01
9.990195094033131884e-01 -2.972876569686616968e-02 -3.280579707466528550e-02 -1.293398075057357932e+00 3.415331942094176898e-02 9.890167505500366829e-01 1.438034001822544039e-01 -6.888298438967347392e-01 2.817038523155843827e-02 -1.447828291669537581e-01 9.890623649569920683e-01 4.704962820285797420e+01
9.989052766049068000e-01 -3.280795951222853502e-02 -3.334495709276832920e-02 -1.263681777073234702e+00 3.741250584658348949e-02 9.882105328834906999e-01 1.484595807093850584e-01 -7.074362812669158229e-01 2.808118190450580032e-02 -1.495445769353440368e-01 9.883561436709314973e-01 4.833774906867981258e+01
9.989996431534433619e-01 -3.384031115944068774e-02 -2.923262423945420171e-02 -1.439391769720405723e+00 3.789204477648722841e-02 9.877289026750768475e-01 1.515117413369190535e-01 -7.345051122934699306e-01 2.374670339119891796e-02 -1.524678594357545547e-01 9.880230998904475648e-01 4.943951935047149959e+01
9.988491512928330263e-01 -3.717575932068736821e-02 -3.030405716265643576e-02 -1.356242008758873130e+00 4.143995030526100021e-02 9.870386261296605346e-01 1.550402562135705098e-01 -7.524966066808581600e-01 2.414753569796970756e-02 -1.561176269580165366e-01 9.874432556216649060e-01 5.048292047256470028e+01
9.990521483839807093e-01 -3.374642707393909341e-02 -2.749515355650399354e-02 -1.270870067430824424e+00 3.770146332801218442e-02 9.865498724710305423e-01 1.590532891527862702e-01 -7.669324539707184085e-01 2.175786001147576865e-02 -1.599391377591382335e-01 9.868870592629048755e-01 5.149908918613434139e+01
9.990381388303289922e-01 -3.569025674808215531e-02 -2.547553209823262901e-02 -1.188698701812118674e+00 3.936331542001176437e-02 9.859412865221824918e-01 1.623893744372713610e-01 -7.985244579718590030e-01 1.932166042494196795e-02 -1.632359798091083669e-01 9.863978347168974592e-01 5.265343851322174373e+01
9.990110036101265134e-01 -3.804115257674831746e-02 -2.301923926893379921e-02 -1.125666998578399802e+00 4.132519971774498840e-02 9.854338754269854617e-01 1.649615259060153161e-01 -8.262934256450414905e-01 1.640861158588253349e-02 -1.657496542125654893e-01 9.860313431094563930e-01 5.374303645366669002e+01
9.990697060907699489e-01 -3.628939615721633871e-02 -2.329811361993061603e-02 -1.175419532014221335e+00 3.976830415597983059e-02 9.842464311934960852e-01 1.722714273099988092e-01 -8.475630451099157581e-01 1.667945911173564569e-02 -1.730376907191359392e-01 9.847739604773922961e-01 5.495125157112121883e+01
9.994603781560460476e-01 -2.735891610019017609e-02 -1.817806936933049136e-02 -1.007046498609871055e+00 3.014490721193068337e-02 9.837923122162529621e-01 1.767596418682244874e-01 -8.671900350705862293e-01 1.304749268470866731e-02 -1.772122347187734259e-01 9.840861683819263073e-01 5.596515971893310848e+01
9.994970707943781063e-01 -2.894368388432404932e-02 -1.295641295506961416e-02 -8.686530369056169043e-01 3.081420427701547088e-02 9.829531654043830446e-01 1.812555087060193915e-01 -8.869831580774069080e-01 7.489344980192662489e-03 -1.815635915725061778e-01 9.833506861374836650e-01 5.717269140953064266e+01
9.995156847743821293e-01 -2.845526067886910287e-02 -1.259738185876648278e-02 -7.343440728915635596e-01 3.030661921984879534e-02 9.819921011831440616e-01 1.864752585341471758e-01 -8.948343712941885242e-01 7.064327389147849814e-03 -1.867667297823987216e-01 9.823788902073005147e-01 5.800185156339645687e+01
9.994441660603625710e-01 -2.961899189963327836e-02 -1.529948517943479323e-02 -6.247609483731690894e-01 3.199541923594376169e-02 9.811260603752904874e-01 1.907038195746950660e-01 -9.313740301982641467e-01 9.362268732656985407e-03 -1.910873333617670866e-01 9.815283892750460426e-01 5.919899416440964046e+01
9.994222251112689914e-01 -3.210021349076210700e-02 -1.117104504901688181e-02 -5.154617058766786108e-01 3.364562421630375860e-02 9.809426325202863506e-01 1.913622838368767010e-01 -9.761134740070581683e-01 4.815384173141774166e-03 -1.916275762984482045e-01 9.814559002203039340e-01 6.050054681772232357e+01
9.993217075268857608e-01 -3.441296914666905349e-02 -1.311001220670141541e-02 -3.759145366681519995e-01 3.624575480856059850e-02 9.820733761776478943e-01 1.849814289635414721e-01 -9.910021275387287387e-01 6.509233741936330635e-03 -1.853311397405909278e-01 9.826545672404654042e-01 6.161319339746475521e+01
9.993523106146794399e-01 -3.252269522049949790e-02 -1.540238827895466962e-02 -3.015111910832826148e-01 3.488241664934892128e-02 9.806634747173224032e-01 1.925678227639525397e-01 -1.012562336410689490e+00 8.841734999557848348e-03 -1.929803711545355627e-01 9.811627795994175560e-01 6.297282553190231624e+01
9.989826138604064321e-01 -4.190919164055870866e-02 -1.665403436603227552e-02 -1.138348209393922339e-01 4.436320135002409792e-02 9.796086423549021927e-01 1.959561537425210664e-01 -1.051938774074721472e+00 8.102071994698660864e-03 -1.964956169476058945e-01 9.804712280071111730e-01 6.391000199789047542e+01
9.988561169389172933e-01 -4.473172441799159321e-02 -1.689764730075981117e-02 1.966155813842629385e-03 4.718102739891195940e-02 9.794223715290907295e-01 1.962288684213280565e-01 -1.071594255055594580e+00 7.772278127495135629e-03 -1.968016539029197320e-01 9.804125155840189842e-01 6.478708714717865291e+01
9.990583678895738062e-01 -4.035825698554122015e-02 -1.592446680143374746e-02 2.269894254671629419e-01 4.275644413207606992e-02 9.781549382718777164e-01 2.034325520154523781e-01 -1.120457602675366537e+00 7.366412627704882997e-03 -2.039218669672973050e-01 9.789594517330992840e-01 6.597540790313721004e+01
9.990432192630114283e-01 -4.102191571143905952e-02 -1.516075446545610446e-02 4.393439215885694971e-01 4.323001829547288427e-02 9.787649585614798253e-01 2.003754511169409391e-01 -1.151864307011771338e+00 6.619030349782186427e-03 -2.008391354380617277e-01 9.796018732698098530e-01 6.660055029863357845e+01
9.990194189869270325e-01 -4.221490298234204658e-02 -1.334550310832668778e-02 5.961436105238493433e-01 4.405412122240176531e-02 9.778339091992026555e-01 2.046950913518142956e-01 -1.174400603409218924e+00 4.408502052266710831e-03 -2.050822956434736055e-01 9.787348042872788811e-01 6.764829612249374691e+01
9.990757996172401345e-01 -4.229691901442304836e-02 -7.649657577919840266e-03 1.029379255818038796e+00 4.296556095281420934e-02 9.776424389491007449e-01 2.058378539959637155e-01 -1.202515661726999419e+00 -1.227677148966889106e-03 -2.059762904014464380e-01 9.785562122848522337e-01 6.846090144390106502e+01
9.990932992349306208e-01 -4.171591999310863413e-02 -8.506552944055244259e-03 1.484123505400329446e+00 4.257426144153065445e-02 9.784368849300891791e-01 2.021105996008411843e-01 -1.219060447077560561e+00 -1.081044386336123627e-04 -2.022895059745608570e-01 9.793257599420115422e-01 6.943315196508407894e+01
9.988640085723230477e-01 -4.741196517905829633e-02 -4.774718493268955040e-03 1.787969536827712869e+00 4.739916163415881789e-02 9.782643822274466050e-01 2.018715382155971128e-01 -1.235846031467723982e+00 -4.900189303393108486e-03 -2.018685315323122953e-01 9.794003696761497402e-01 7.027900952571869198e+01
9.987735194080316070e-01 -4.942377480504282772e-02 -2.957602629626231508e-03 2.263928241776138162e+00 4.896775447464888492e-02 9.771929989530614424e-01 2.066301086938506226e-01 -1.270230479548978941e+00 -7.322291376670476797e-03 -2.065215080352224009e-01 9.784146619751018514e-01 7.077738029235840145e+01
9.984852758883383528e-01 -5.501509430415922608e-02 -7.023054131806653194e-04 2.798751242207198953e+00 5.395385377872453231e-02 9.765647597309916605e-01 2.083512700080675795e-01 -1.277570819492745535e+00 -1.077661805080462956e-02 -2.080735673992618051e-01 9.780538098965373406e-01 7.181494158977508846e+01
9.982469633959754063e-01 -5.907874656559641835e-02 3.563954959363301294e-03 3.218992568300872659e+00 5.720796337187594033e-02 9.785695500757104481e-01 1.978102236778059297e-01 -1.270750284205484526e+00 -1.517395787381928089e-02 -1.972595685102741803e-01 9.802338566044248580e-01 7.254370934242248836e+01
9.976871606266934922e-01 -6.797008616751903931e-02 6.300055764798552765e-04 4.222018100069671931e+00 6.662240108068644140e-02 9.796598368177571459e-01 1.892830150870644657e-01 -1.296879053126382964e+00 -1.348277400576410913e-02 -1.888032613928735948e-01 9.819223713168591106e-01 7.326961893314361873e+01
9.974047609379881330e-01 -7.194386159917079415e-02 -2.797076408294694397e-03 4.708962894724518122e+00 7.116455231500487533e-02 9.792168212968435093e-01 1.899210977830278202e-01 -1.323878645907449858e+00 -1.092471290421001030e-02 -1.896272598217482730e-01 9.817953722545527118e-01 7.429163593524933162e+01
9.977031242682915524e-01 -6.723165985390772148e-02 -8.269204228852560651e-03 5.236765958117157282e+00 6.754147467230689483e-02 9.780648407059733263e-01 1.970464832822175494e-01 -1.350460615019607680e+00 -5.159944222580923820e-03 -1.971524062447312931e-01 9.803592727605183743e-01 7.514020127529144588e+01
9.974679731659441551e-01 -7.075789799293698279e-02 -7.138794004911889861e-03 5.675510234879165949e+00 7.073994625711850504e-02 9.768422854696359181e-01 2.019282281455430927e-01 -1.368844199936199324e+00 -7.314541117761780287e-03 -2.019219383575733273e-01 9.793743044914732243e-01 7.578810078376770321e+01
9.975736756235094038e-01 -6.936120860541811206e-02 -5.982010013093569042e-03 6.493042774246841731e+00 6.913880147199250037e-02 9.769618436670260975e-01 2.019043886341790883e-01 -1.399640914063263075e+00 -8.160136887178200821e-03 -2.018280920970143277e-01 9.793869681624631784e-01 7.623425871604919735e+01
9.969175683471854787e-01 -7.809027295519579970e-02 -7.567773154487826906e-03 7.107304997490555110e+00 7.804309827166393265e-02 9.771608437797969504e-01 1.976511072463660590e-01 -1.395433964218306677e+00 -8.039697313591985875e-03 -1.976324736811693739e-01 9.802432191113426008e-01 7.698236531490326229e+01
9.966736658571031526e-01 -8.139567617997553461e-02 -4.043227197180403881e-03 7.885115690277725520e+00 8.063522988173379979e-02 9.777399967223142641e-01 1.937071462578727754e-01 -1.391272617514538901e+00 -1.181369920403422917e-02 -1.933888381180607907e-01 9.810510658484924429e-01 7.770379150384903255e+01
9.966849489271869533e-01 -8.130389343936297863e-02 -2.964708014490138616e-03 8.619282074021011653e+00 8.031807405337550165e-02 9.774850511397031871e-01 1.951204289119115032e-01 -1.396479815720874207e+00 -1.296609279493867069e-02 -1.947117143625737845e-01 9.807748104063543915e-01 7.823298281902313533e+01
9.961507155388694690e-01 -8.763556638842338875e-02 1.938926295372294870e-03 9.156259663151413264e+00 8.559090066976229871e-02 9.772072305693698668e-01 1.942684386241923800e-01 -1.423404733195263283e+00 -1.891955744560465044e-02 -1.933546896941549520e-01 9.809464890193244635e-01 7.889849776500702205e+01
9.959485582830314154e-01 -8.991051589071553940e-02 1.602618549931733929e-03 1.004256714110246307e+01 8.787615641666346455e-02 9.768869991021927879e-01 1.948578253972529650e-01 -1.437710756912189858e+00 -1.908534483275830390e-02 -1.939275383161906952e-01 9.808301889191815004e-01 7.929910952323913875e+01
9.953441191811973621e-01 -9.638470681782795868e-02 2.696350269087620052e-04 1.121752727751603729e+01 9.438874569713125162e-02 9.752910430830268318e-01 1.997452026150910720e-01 -1.448358782111960785e+00 -1.951535541896876405e-02 -1.987897622456016866e-01 9.798478358037071567e-01 7.940490019792557064e+01
9.948847327027275922e-01 -1.009401033037308215e-01 -3.932452168092035426e-03 1.235295928244462615e+01 9.972498392635768816e-02 9.752132607954210330e-01 1.975196788921285973e-01 -1.410088379412251847e+00 -1.610267729012414273e-02 -1.969014766673780892e-01 9.802910344740973780e-01 7.936292075836897197e+01
9.946503615253149411e-01 -1.032926221892094543e-01 -1.136889984833708376e-03 1.286501891140809661e+01 1.014209395486904697e-01 9.744197584695193370e-01 2.005490646332330207e-01 -1.432306865706402199e+00 -1.960743069913180661e-02 -1.995915040914342797e-01 9.796829998299949605e-01 8.011010330641508403e+01
9.935305271110189684e-01 -1.135566951039735095e-01 1.403102121646451197e-03 1.387862724785676605e+01 1.110816175959597890e-01 9.742970311640362091e-01 1.959749200719571316e-01 -1.426967170565682785e+00 -2.362130247817691153e-02 -1.945512067863065797e-01 9.806079043161064490e-01 8.061162405932188335e+01
9.936484718582114795e-01 -1.125255702118234807e-01 -8.428655557660034645e-04 1.487169343953004486e+01 1.105124576180459978e-01 9.744055281339556451e-01 1.957571542835830625e-01 -1.416068211674052613e+00 -2.120639255179199503e-02 -1.946069443532037757e-01 9.806520413094791389e-01 8.091762509668112102e+01
9.924981790228086798e-01 -1.222244182517346900e-01 2.925101610874919055e-03 1.568673212056031829e+01 1.192627379358832534e-01 9.731588167512402743e-01 1.968205190506384372e-01 -1.417281691461163895e+00 -2.690286186348493300e-02 -1.949951511252290548e-01 9.804351722889195209e-01 8.131270113313436809e+01
9.922985979996843398e-01 -1.238433008481176351e-01 2.515798661174676286e-03 1.644571549420228607e+01 1.208576010027662129e-01 9.724272014477558512e-01 1.994461786155398153e-01 -1.415745683490592377e+00 -2.714650415278380829e-02 -1.976061100257992253e-01 9.799055528941320592e-01 8.166525432193517986e+01
9.919317405612978478e-01 -1.267452968340520569e-01 2.655522073373917189e-03 1.731662196640840179e+01 1.235381545965036493e-01 9.711097016284527816e-01 2.041672641781430708e-01 -1.373606469958382981e+00 -2.845604375039698097e-02 -2.021919314254288780e-01 9.789324166869386445e-01 8.164459495717525783e+01
9.916244575106936132e-01 -1.288259575130845380e-01 9.209122513015279704e-03 1.882219976906648284e+01 1.243611658113086826e-01 9.716358241248743699e-01 2.011420535721666902e-01 -1.355907926812130349e+00 -3.486023098998305286e-02 -1.983121225442688873e-01 9.795187932588694801e-01 8.159256733680010143e+01
9.904065017696094264e-01 -1.379861357125010957e-01 7.401864874198695390e-03 1.971095008377900726e+01 1.337386317916797740e-01 9.706434605634540747e-01 1.999131082042689689e-01 -1.340776525914031403e+00 -3.476980901549747011e-02 -1.970053268734972274e-01 9.797856712386093792e-01 8.195272771740198436e+01
9.891735424851723080e-01 -1.466229057340844300e-01 6.117708838171296605e-03 2.063693255905976898e+01 1.424428203769859680e-01 9.693294424749321347e-01 2.002759967502021621e-01 -1.325371716647702591e+00 -3.529512388963323977e-02 -1.972362934789920197e-01 9.797204186727376252e-01 8.223007227206468883e+01
9.885759670330451776e-01 -1.504858436348842921e-01 8.459803199642968938e-03 2.168845469479432708e+01 1.457599108530132637e-01 9.687991410944077897e-01 2.004551635724542979e-01 -1.316187907486516373e+00 -3.836151447481134236e-02 -1.969320570151922578e-01 9.796663509210489229e-01 8.230735555017233196e+01
9.873734870663155583e-01 -1.583080673249021297e-01 5.670349050848347110e-03 2.260649401669374114e+01 1.540368427024723375e-01 9.678550979481771455e-01 1.988194167227591846e-01 -1.297045451133805649e+00 -3.696279384405352225e-02 -1.954355781212280541e-01 9.800197379010605614e-01 8.279969757521391216e+01
9.870644392940203238e-01 -1.600794816551535937e-01 8.851679738830999303e-03 2.367761356358399993e+01 1.549472473028646324e-01 9.666847886887441899e-01 2.037446192444429538e-01 -1.293974817275363343e+00 -4.117211719654933350e-02 -1.997375249441513401e-01 9.789840539532491670e-01 8.294741949165106121e+01
9.856298176999707117e-01 -1.685473674409012912e-01 1.120925463464721682e-02 2.491687781338563568e+01 1.628801217183120653e-01 9.658803152864333663e-01 2.013585917988305607e-01 -1.285787964715916054e+00 -4.476525895993890836e-02 -1.966392673677412883e-01 9.794534547998324792e-01 8.323179194057226482e+01
9.847830426810734172e-01 -1.735438437364518194e-01 9.213747825124461374e-03 2.612741333966127044e+01 1.681924926743368909e-01 9.650790835377679455e-01 2.008323876417714426e-01 -1.276459293916183846e+00 -4.374521980514132352e-02 -1.962266465571880503e-01 9.795822879805045069e-01 8.317886825376987758e+01
9.836722957004165879e-01 -1.795086695721123671e-01 1.286282317076625249e-02 2.715434510235658294e+01 1.735817083346917478e-01 9.652069331849469913e-01 1.955632037560213476e-01 -1.271750123716253178e+00 -4.752057662825889123e-02 -1.901373547732251867e-01 9.806067413172104841e-01 8.339824979478359523e+01
9.829573642399542788e-01 -1.836391322416610072e-01 8.455128382909040535e-03 2.807023269657960540e+01 1.783686526003404049e-01 9.638578240005168940e-01 1.978957272973009829e-01 -1.280944294772404568e+00 -4.449094128000445625e-02 -1.930149326412813615e-01 9.801866107642466242e-01 8.347399110818147960e+01
9.826581036985768680e-01 -1.854143554527240834e-01 2.137294450458621445e-03 2.849426928882470733e+01 1.813759768100877690e-01 9.635238931010560171e-01 1.967853207421002282e-01 -1.300572990916031735e+00 -3.854615767756326000e-02 -1.929850362474656855e-01 9.804442714978045537e-01 8.345280131423712078e+01
9.723999022597737962e-01 -2.329373717662283072e-01 -1.336453964131435919e-02 2.943961540584436065e+01 2.292293831804994297e-01 9.431018573083864709e-01 2.408584161455843142e-01 -1.335963233850258725e+00 -4.350080426693377078e-02 -2.372742454968799486e-01 9.704682439173454300e-01 8.358141177618742290e+01
9.710242550293195496e-01 -2.387764808598134003e-01 -9.883740838272519341e-03 3.058042971019616729e+01 2.341535157815795298e-01 9.423246858575836660e-01 2.391575160235026309e-01 -1.371694229088086026e+00 -4.779149706674347409e-02 -2.345420614977396789e-01 9.709304785598760201e-01 8.341932809078932110e+01
9.718028055958825018e-01 -2.353977419138615634e-01 -1.368247557375930346e-02 3.132356397037377960e+01 2.317082865352905752e-01 9.425939009030347426e-01 2.404745473668253586e-01 -1.404392778418320553e+00 -4.371014741282836652e-02 -2.368641827762375529e-01 9.705590048682737336e-01 8.358132856810331646e+01
9.691297364548905335e-01 -2.459937971172338200e-01 -1.657123105624738399e-02 3.217218164329401020e+01 2.428793476669852958e-01 9.409805672651070374e-01 2.357227068109837564e-01 -1.428908641926306622e+00 -4.239311731559751439e-02 -2.324706945171423900e-01 9.716790621367650260e-01 8.342815029347181621e+01
9.662959174164776899e-01 -2.570464922506657812e-01 -1.411739373525314027e-02 3.312732294921747211e+01 2.532623962275490359e-01 9.393753035463648926e-01 2.311540563006730109e-01 -1.459317067182916539e+00 -4.615580831626394515e-02 -2.269386258634769893e-01 9.728147313080066638e-01 8.334569880837440792e+01
9.658334375024615337e-01 -2.587732291157342490e-01 -1.421924383342637946e-02 3.419276276950708393e+01 2.551345674421668930e-01 9.397492504508536681e-01 2.275471352778523082e-01 -1.495564573920625584e+00 -4.552058323744427593e-02 -2.234004524840416395e-01 9.736632448293651709e-01 8.319823080772400203e+01
9.664751340862516304e-01 -2.565832861896897299e-01 -9.530605492919074634e-03 3.538464144592157368e+01 2.519306357961411669e-01 9.404769706693347775e-01 2.281096718422593039e-01 -1.517189407266038792e+00 -4.956581423031357347e-02 -2.228633771814717279e-01 9.735887967571089652e-01 8.290917850011825863e+01
9.656933454862633992e-01 -2.595028876558363451e-01 -9.726961592948635618e-03 3.631049255256525043e+01 2.547174406049192430e-01 9.392638643220529993e-01 2.300052578322581143e-01 -1.533909955538171666e+00 -5.055084504959102276e-02 -2.245921736772821808e-01 9.731407748047996575e-01 8.286605530703306499e+01
9.694271195122160512e-01 -2.452978810560560996e-01 -6.325306605731982092e-03 3.757324830417505268e+01 2.394144281387826090e-01 9.398975303196055453e-01 2.434612168253617870e-01 -1.585857769019264119e+00 -5.377538054934850181e-02 -2.375322758037633486e-01 9.698900073710717828e-01 8.246158060157537761e+01
9.688170819190504712e-01 -2.477439721397589889e-01 -4.047968659730254680e-03 3.839344803218713764e+01 2.413852618055020161e-01 9.400122123535969987e-01 2.410605650229530605e-01 -1.626166687823194401e+00 -5.591616192966998578e-02 -2.345207131460043670e-01 9.705016321163733028e-01 8.238285023445129696e+01
9.690023635171703953e-01 -2.470153230325322913e-01 -4.224888788058384602e-03 3.932542613868585590e+01 2.404590250650731620e-01 9.390829337258197462e-01 2.455660824496372352e-01 -1.662230075813192265e+00 -5.669106422437539955e-02 -2.389700269323356552e-01 9.693706460714943685e-01 8.245429975265503231e+01
9.681763141083439272e-01 -2.502169775831474263e-01 -5.107732249837755763e-03 4.044427303199640278e+01 2.438188207542430486e-01 9.384229860559838432e-01 2.447747574562806894e-01 -1.706719433433669941e+00 -5.645358664949134270e-02 -2.382304837146695942e-01 9.695665161212421168e-01 8.236148808622598949e+01
9.665118543566688647e-01 -2.566044152499839526e-01 -3.001576626874209817e-03 4.138862005596033100e+01 2.499982612291964668e-01 9.388603591301403206e-01 2.367321174585360344e-01 -1.758625288970130818e+00 -5.792844526147441359e-02 -2.295547867682951881e-01 9.715703243210708218e-01 8.228025576943397823e+01
9.653822760825362392e-01 -2.608375749724960446e-01 9.058190598817839750e-04 4.202723274354806904e+01 2.535283572481670800e-01 9.391353395446875307e-01 2.318365503740300593e-01 -1.782758106953758137e+00 -6.132237027991904038e-02 -2.235812458609887921e-01 9.727543335305686156e-01 8.218542656028509441e+01
9.652513811611391770e-01 -2.612452888265671125e-01 6.377321729125259332e-03 4.299481604223123554e+01 2.528085286235018381e-01 9.397016359021287402e-01 2.303229978488533225e-01 -1.801670293799895184e+00 -6.616357775795769780e-02 -2.207073504638809303e-01 9.730933390119780313e-01 8.179095762694120708e+01
9.650818834354243370e-01 -2.617955284785593029e-01 8.947599307411641806e-03 4.394278977041116718e+01 2.526302792442855494e-01 9.392380748904516352e-01 2.324000445030778572e-01 -1.839310451886910336e+00 -6.924521841750841400e-02 -2.220246381479094311e-01 9.725791277739829210e-01 8.168052047962189022e+01
9.642724820938188834e-01 -2.646365386589435986e-01 1.208646694609814311e-02 4.458132419710031513e+01 2.547100378579536528e-01 9.387105113691501801e-01 2.322614312783515544e-01 -1.862460441432255642e+00 -7.281055480509317224e-02 -2.208847623800294369e-01 9.725782975459057456e-01 8.156781050288915935e+01
9.643487852022647466e-01 -2.644126467739255637e-01 1.083386841916239053e-02 4.587002871160379414e+01 2.551554406345307169e-01 9.398857709868136956e-01 2.269591122011212214e-01 -1.894513189337510006e+00 -7.019345833847294436e-02 -2.161034236714678147e-01 9.738440268769713581e-01 8.158335646713018718e+01
9.647334934633726711e-01 -2.630306770483331058e-01 1.020536728648705101e-02 4.677377567415109638e+01 2.537453619190837006e-01 9.395910284458813821e-01 2.297433145241966623e-01 -1.923017782635349171e+00 -7.001841111100592929e-02 -2.190515058051558384e-01 9.731977496428892982e-01 8.160640322143078151e+01
9.650569463543531290e-01 -2.614732068606116511e-01 1.722940472677352355e-02 4.788434074048868183e+01 2.502809964788693664e-01 9.392304946866869564e-01 2.349585083629567583e-01 -1.957221848435062306e+00 -7.761773698553277312e-02 -2.224361480169741445e-01 9.718526878908220201e-01 8.138994987780094448e+01
9.637812819637532336e-01 -2.657596762294508475e-01 2.230325148317821235e-02 4.936788795118204121e+01 2.532447280621776264e-01 9.381946196931693072e-01 2.359193999812287668e-01 -2.023154956764835255e+00 -8.362265389843916152e-02 -2.217265208972682977e-01 9.715166502359984246e-01 8.091167544299602810e+01
9.622959717232333343e-01 -2.704765135142368493e-01 2.879094375703849379e-02 5.022729084615579609e+01 2.564031508606205989e-01 9.373378963776548556e-01 2.359133151033631914e-01 -2.047250305778640644e+00 -9.079585361669306742e-02 -2.196363441042846198e-01 9.713475121265922052e-01 8.067900349670887294e+01
9.622055398999235232e-01 -2.703709381549412871e-01 3.255848256773487964e-02 5.127912352208963398e+01 2.549784657540392629e-01 9.364428201093393245e-01 2.409581429779533990e-01 -2.088381012446540730e+00 -9.563723640723215125e-02 -2.235495481249839544e-01 9.699892363039409604e-01 8.046244343096256557e+01
9.622374878854697000e-01 -2.703295143555410340e-01 3.195263019154766931e-02 5.240599200849405293e+01 2.549894790967959790e-01 9.362175379971393596e-01 2.418203612116227585e-01 -2.118397224239367382e+00 -9.528579357808331096e-02 -2.245410323635134986e-01 9.697947939266958750e-01 8.010240726644039455e+01
9.615570417194749808e-01 -2.730208577132769432e-01 2.945618395513186286e-02 5.351752815370431904e+01 2.585019752468878385e-01 9.361400485083229972e-01 2.383663952244356732e-01 -2.157376642815131085e+00 -9.265411115082462790e-02 -2.215884041017062711e-01 9.707284866812704305e-01 8.009868320548773113e+01
9.608715951767006214e-01 -2.757939109028098024e-01 2.575842175902477715e-02 5.457113716726175312e+01 2.616754864783091272e-01 9.342953293542290982e-01 2.421119107421460248e-01 -2.197365264884489910e+00 -9.083896388072165706e-02 -2.258981103413785219e-01 9.699063492859871793e-01 8.000351889902592006e+01
9.607885170275802800e-01 -2.762141597633221979e-01 2.431385395581660280e-02 5.571825919275156025e+01 2.622072803133638774e-01 9.335725950899163017e-01 2.443144528016058525e-01 -2.235263105026739971e+00 -9.018185903280034887e-02 -2.283592512759686777e-01 9.693911927896121661e-01 7.983028780395031276e+01
9.628134169770334871e-01 -2.690437239838800454e-01 2.461297775350885370e-02 5.675915203218332294e+01 2.543943946608607232e-01 9.335053115345441910e-01 2.526881977891481945e-01 -2.274526908538597958e+00 -9.096051920554977521e-02 -2.370301835667331380e-01 9.672346540649675584e-01 7.975911654258013073e+01
9.617814678026325170e-01 -2.727987155462185398e-01 2.360654544288838530e-02 5.783066437368265156e+01 2.581503606067934165e-01 9.321169677288648758e-01 2.540006885630995415e-01 -2.295762694916981594e+00 -9.129512314464741096e-02 -2.381991168503348744e-01 9.669159121773330812e-01 7.959894074225664440e+01
9.601999176478385190e-01 -2.780973478186216097e-01 2.603811216914123788e-02 5.872329495077005390e+01 2.624708299174347559e-01 9.302519804001859738e-01 2.563987449344963809e-01 -2.336941487632054226e+00 -9.552581636153251177e-02 -2.393598088605947971e-01 9.662203166517884245e-01 7.961279013478994671e+01
9.608136243518115016e-01 -2.760516650075142686e-01 2.515268388294060464e-02 5.949586639528146748e+01 2.596148317755281321e-01 9.279649805074872138e-01 2.673595595334176123e-01 -2.358583043805617230e+00 -9.714586137401953758e-02 -2.503526976054342157e-01 9.632685027652371224e-01 7.926876702630758587e+01
9.597003830131608515e-01 -2.798260605531634471e-01 2.593358208365280013e-02 6.050255200986734394e+01 2.631251605679461036e-01 9.271459135404134244e-01 2.667688229186553905e-01 -2.387407455138224499e+00 -9.869308344805535760e-02 -2.491943635811405267e-01 9.634115654479685764e-01 7.900149848783254924e+01
9.590281836063346832e-01 -2.819051843944858637e-01 2.818528091478482780e-02 6.149466965322366718e+01 2.642655618680630480e-01 9.259811419608471317e-01 2.696713509875353632e-01 -2.420684713415163891e+00 -1.021207905340109912e-01 -2.511740268108875740e-01 9.625398445759594246e-01 7.887086051428556743e+01
9.554757257751005373e-01 -2.941779686119362913e-01 2.292291948900696680e-02 6.239020416860452656e+01 2.770399101924899132e-01 9.211212687963150625e-01 2.734675416417890470e-01 -2.436704016766804592e+00 -1.015629145657114818e-01 -2.549410342695367926e-01 9.616080508349007516e-01 7.868651985848188701e+01
9.542232469433352682e-01 -2.982684094346432779e-01 2.222500677720100348e-02 6.369712886934152607e+01 2.815448761446284753e-01 9.208273010603413855e-01 2.698324745812358261e-01 -2.466918855450409787e+00 -1.009478960138568138e-01 -2.512230832452612694e-01 9.626507594839990301e-01 7.861029205197334591e+01
9.532042838064276324e-01 -3.014648046698302775e-01 2.281589091963194885e-02 6.465725157384744648e+01 2.847240580239141505e-01 9.205196478481147970e-01 2.675365184567846666e-01 -2.504686258278149502e+00 -1.016553201533016426e-01 -2.485207224175959295e-01 9.632775541937879105e-01 7.838030800694465938e+01
9.539474393262432628e-01 -2.989522763760849022e-01 2.473498438366886903e-02 6.580127022390237812e+01 2.812337885665933124e-01 9.199943434490924776e-01 2.729797871457775860e-01 -2.528167888067025082e+00 -1.043639744901663086e-01 -2.534520555671826991e-01 9.617017294137437666e-01 7.819628715986252132e+01
9.574986207100124602e-01 -2.872537862633223193e-01 2.610849700402593371e-02 6.692574212674966816e+01 2.677318364059559919e-01 9.187911604305052382e-01 2.900732102236610044e-01 -2.567687399230259793e+00 -1.073128841897286329e-01 -2.707546228453936443e-01 9.566482525436036388e-01 7.824848266417026821e+01
9.740179876014026794e-01 -2.248086419156093141e-01 2.738675499165753660e-02 6.797135398511758808e+01 2.009329441694813756e-01 9.136280646651463444e-01 3.534256801699662831e-01 -2.607436902365940945e+00 -1.044744551375972191e-01 -3.387400684540855522e-01 9.350616312561561561e-01 7.801595844799518886e+01
9.767084622944355310e-01 -2.124668584705777796e-01 2.997355057517386845e-02 6.915502247934213642e+01 1.861651661818497505e-01 9.085590234279972144e-01 3.739826624966030577e-01 -2.652738596788901226e+00 -1.066916612623652894e-01 -3.596920001879487239e-01 9.269512146914039574e-01 7.782376714521885219e+01
9.789356907529531693e-01 -2.012472715369423570e-01 3.441582585054110688e-02 7.045262525205484394e+01 1.723299509105385707e-01 9.048470781916301275e-01 3.892995673093425646e-01 -2.691473416528958218e+00 -1.094865351959315170e-01 -3.751683632544276503e-01 9.204680319401559174e-01 7.768092863732815090e+01
9.794384463418062126e-01 -1.974451299023808060e-01 4.142161881651777039e-02 7.146044049386850361e+01 1.651922949757436976e-01 9.027638413665913797e-01 3.971510448200820109e-01 -2.742089036396998303e+00 -1.158094793537896294e-01 -3.821424700276950803e-01 9.168180283420130916e-01 7.766488476568699184e+01
9.775976202410512350e-01 -2.051937936120714623e-01 4.688709803474724880e-02 7.272384319429269794e+01 1.702232616936290022e-01 9.017692352863150296e-01 3.972861531308596317e-01 -2.793097938887137310e+00 -1.238019954500559489e-01 -3.804047230966266513e-01 9.164962152504303461e-01 7.731522067362308803e+01
9.765294468883546353e-01 -2.104399978057358012e-01 4.588296724761634776e-02 7.405894777898660664e+01 1.762849056044434592e-01 9.033081336970588682e-01 3.910985139996939752e-01 -2.844859890184658902e+00 -1.237492279408497625e-01 -3.738307410048808399e-01 9.192043873175242963e-01 7.714239074760914150e+01
9.738330321789920863e-01 -2.224227991968033558e-01 4.666180273552139601e-02 7.536918017988077168e+01 1.872369674270122630e-01 9.015904436748456430e-01 3.899704987597535366e-01 -2.891784380666273968e+00 -1.288081653693047557e-01 -3.710293388286882155e-01 9.196443259557144367e-01 7.694289754802227321e+01
