9.997542370781145049e-01 -8.010203095940056708e-03 2.067128662466946251e-02 5.418065999999999854e-02 8.008308297005963666e-03 9.999679177693141519e-01 1.744428908773362514e-04 -2.008116000000000068e-02 -2.067202076666796798e-02 -8.857983096643224353e-06 9.997863109079653254e-01 8.792349000000000414e-01
9.998257530079799338e-01 -4.312918535960259467e-03 1.816211319554885892e-02 -5.876127102468872154e-01 4.257763079688436751e-03 9.999862096164325864e-01 3.074415475726146891e-03 1.692439088191985408e-03 -1.817512243653399834e-02 -2.996549793064151937e-03 9.998303284126535129e-01 3.078156013511658129e-01
9.997834609383756677e-01 2.442366638084383576e-03 2.066557715837226764e-02 2.295146145572815044e+00 -2.841124388998482724e-03 9.998099239578172037e-01 1.928844129705739596e-02 -9.105852001014709540e-02 -2.061453968173200188e-02 -1.934297807135611572e-02 9.996003651225029429e-01 5.734588701747894701e-01
9.998274598472574048e-01 -5.044975270399954317e-03 1.787732530055753319e-02 1.900225051393661602e+00 4.567385845316598164e-03 9.996342400097422143e-01 2.665567831973880003e-02 -1.058273449227547652e-01 -1.800526372816858151e-02 -2.656942650240017023e-02 9.994848053139241406e-01 1.295033117058181915e+00
9.997613036178822910e-01 -5.867453707487283940e-03 2.104539795924908682e-02 1.592219390621337993e+00 5.359931372058417999e-03 9.996953898571249164e-01 2.409146392600295186e-02 -5.607146990153551169e-02 -2.118034286690128123e-02 -2.397291149196466298e-02 9.994882153335470365e-01 1.963367660068513487e-01
9.927018958747633182e-01 1.205516641985514559e-01 -3.200341483415211716e-03 1.821547218313369854e+00 -1.204989367716295251e-01 9.905145979227388819e-01 -6.603663785249555551e-02 -2.681068178865671225e-02 -4.790841633534916044e-03 6.594033333942515840e-02 9.978120666115077864e-01 2.422960561238767241e-01
9.934199777942909204e-01 1.145013091501755204e-01 -2.489562629535009043e-03 1.802229114523086650e+00 -1.144426073526482734e-01 9.916004259170058122e-01 -6.026180335453229509e-02 -1.416096125397443839e-02 -4.431404012050409180e-03 6.015019138879509203e-02 9.981795014597190097e-01 -1.675510841883181001e-01
9.955318593052738807e-01 9.431134128637395919e-02 4.657039075372505083e-03 3.064838596334610088e+00 -9.419945243953418978e-02 9.953483503707394320e-01 -2.020209331578691481e-02 -5.230698768648862906e-02 -6.540662678688449229e-03 1.967313698963438565e-02 9.997850706090337658e-01 1.093925398313047026e-01
9.960960170241827116e-01 8.789784755308685527e-02 8.166594399957939274e-03 2.931359239568863018e+00 -8.776114789048787557e-02 9.960160341870233358e-01 -1.581267097293027543e-02 -4.542173293087244101e-02 -9.523958709645806431e-03 1.503422887575341441e-02 9.998416205442782756e-01 4.022705119573117827e-01
9.963930935438120029e-01 8.453822546360524604e-02 7.354697387176142159e-03 3.313150980224762066e+00 -8.439679184223951303e-02 9.962734751421657986e-01 -1.778606912418022323e-02 -5.102284705865740844e-02 -8.830892646272197125e-03 1.710120357217784562e-02 9.998147649297108863e-01 -4.893387737641319291e-02
9.966346192042575547e-01 8.171451436314497441e-02 6.494147055609747303e-03 3.209107883920822246e+00 -8.162230171326585737e-02 9.965734859933107481e-01 -1.338233455601251821e-02 -6.689049756753802367e-02 -7.565425739051897559e-03 1.280723067395221973e-02 9.998893634677044062e-01 2.637352508031369780e-01
9.972859363979637015e-01 7.345316305896107401e-02 5.039236000673688425e-03 6.367558487405929668e+00 -7.333967202530419782e-02 9.971088714881953807e-01 -1.987940911492104210e-02 -1.302642122529780733e-01 -6.484872401028520320e-03 1.945587921866472753e-02 9.997896854807870604e-01 -1.079524202970361557e+00
9.976884891083553919e-01 6.770950898477090529e-02 5.753354997572961323e-03 6.389888592710647686e+00 -6.759485073199475447e-02 9.975466011709286374e-01 -1.821303508060959434e-02 -1.383157725133335458e-01 -6.972435385589166416e-03 1.778203827938173651e-02 9.998175754903613210e-01 -9.047188300169466402e-01
9.981286090622873974e-01 6.082575892756677399e-02 6.285445272121764973e-03 5.826752849569473369e+00 -6.076368899894931536e-02 9.981056781751481699e-01 -9.634795989874577957e-03 -9.312386612075923553e-02 -6.859582394160271615e-03 9.234838678237294873e-03 9.999338297527314845e-01 -1.800498141673898544e+00
9.981786585808167800e-01 5.943899246542692222e-02 1.031366707316813507e-02 6.647306986799392803e+00 -5.937631641817262690e-02 9.982159119621745180e-01 -6.280617336951605997e-03 -1.196040919669306146e-01 -1.066858014968607819e-02 5.656790628889656579e-03 9.999270884006347115e-01 -1.970742239383554306e+00
9.980511447021599425e-01 6.092048633560177839e-02 1.351321217705662471e-02 6.041227646818313701e+00 -6.086345329001688342e-02 9.981355351681877597e-01 -4.592764758755468225e-03 -8.791926118213294616e-02 -1.376781073091608125e-02 3.761353366687261116e-03 9.998981446170047693e-01 -1.430474116233682480e+00
9.979450242182736908e-01 6.285637387716534741e-02 1.244206176657991665e-02 6.326113261928711040e+00 -6.281518020981691208e-02 9.980184112118138939e-01 -3.674781279913246455e-03 -1.152477225907480585e-01 -1.264839014252837519e-02 2.885679341330492451e-03 9.999158419994862435e-01 -1.652010514167642441e+00
9.972192236754808814e-01 7.227596361539388725e-02 1.816604017218408432e-02 6.030869015207443340e+00 -7.249026440330902377e-02 9.973036449376090351e-01 1.142809524365890478e-02 -6.901137890893577209e-02 -1.729108148177826640e-02 -1.271317732221374612e-02 9.997696702858935858e-01 -2.607347919372415390e+00
9.973563963543409239e-01 7.121167817193888028e-02 1.446082788152537948e-02 5.710714139690551860e+00 -7.149754527142515581e-02 9.972337740086422153e-01 2.031996546849759375e-02 -6.138017947453616729e-02 -1.297380712217538999e-02 -2.130016122982705470e-02 9.996889433520509405e-01 -2.533359019783830490e+00
9.975913147746419130e-01 6.689478475089111198e-02 1.834820043855292862e-02 5.584712930669937236e+00 -6.729890429956464359e-02 9.974820420886623129e-01 2.237036411661758040e-02 -6.322658608335612884e-02 -1.680553974971967304e-02 -2.355129473646740829e-02 9.995813675484135352e-01 -2.378050966886377182e+00
9.975232924881586305e-01 6.801100869242578117e-02 1.793832880238114408e-02 4.749598809232864483e+00 -6.841008349786807663e-02 9.973999189998752346e-01 2.265970112020505856e-02 -2.211918483156322113e-02 -1.635057856463404541e-02 -2.383074223940767275e-02 9.995822899116013627e-01 -2.932175202993249741e+00
9.974310253305485041e-01 6.834982295796825091e-02 2.143948249527814764e-02 4.472855367412719829e+00 -6.890310654810150037e-02 9.972785626702408424e-01 2.622651990637978395e-02 -2.575747656304000488e-02 -1.958855829488008807e-02 -2.763639158778073007e-02 9.994260944381705425e-01 -2.496319367317056503e+00
9.978459697475500212e-01 6.236495120508576268e-02 2.034781363583516509e-02 5.500055470218811138e+00 -6.316063375917713163e-02 9.971551924808117473e-01 4.113704476131430782e-02 -5.432105797011016479e-02 -1.772441823334410665e-02 -4.233361512725502401e-02 9.989462998722939968e-01 -3.270822181133127060e+00
9.978867170293065358e-01 6.141534877174171375e-02 2.121921091177012691e-02 5.412297882785949810e+00 -6.235947042712487037e-02 9.969398674319277509e-01 4.714018638973707653e-02 -5.884681163955091110e-02 -1.825914632509960389e-02 -4.836378459194377866e-02 9.986628800127812511e-01 -3.063045396236276474e+00
9.978107463107984687e-01 6.465869720653347197e-02 1.389127144077083494e-02 5.487456583132896526e+00 -6.531870096742346810e-02 9.964048639874005797e-01 5.395196313553608791e-02 -8.080186589289067856e-02 -1.035286678247463940e-02 -5.474120840649896597e-02 9.984469030707544546e-01 -2.440082861808633652e+00
9.980198712696011221e-01 6.125923427978950675e-02 1.427034570228683137e-02 5.449807160248909099e+00 -6.201011849194211500e-02 9.962684430347769071e-01 6.003277952649555688e-02 -1.043737427018916475e-01 -1.053953298890477827e-02 -6.079881272290921929e-02 9.980943956439493059e-01 -7.291627663649080660e-01
9.981304103376913428e-01 5.949776832977414498e-02 1.398926455852032673e-02 6.122891359677467449e+00 -6.029329054751286082e-02 9.960113761648985431e-01 6.577277297680342305e-02 -1.373322502397334444e-01 -1.002013343548599326e-02 -6.649326367295751994e-02 9.977365598253145063e-01 1.167731743775846098e-01
9.980398147070116410e-01 5.995996807223698960e-02 1.792569352550723444e-02 6.595867388596687420e+00 -6.104412495918568049e-02 9.958336798976027415e-01 6.774139642468560152e-02 -1.559374787532126772e-01 -1.378923738142960251e-02 -6.870286901123855150e-02 9.975418651475551624e-01 7.173002224885465239e-01
9.982166062844723964e-01 5.835037904034073852e-02 1.260318228699538502e-02 7.090958707680854900e+00 -5.912334079858959368e-02 9.955289954269486152e-01 7.366444079082094809e-02 -1.671387812741434442e-01 -8.248485359416088750e-03 -7.427821033155751485e-02 9.972034446186075485e-01 6.530957755171300505e-01
9.930831037490713831e-01 1.146845583060348978e-01 2.516746181602036447e-02 8.108912222733650310e+00 -1.169904999407885421e-01 9.846859454286942537e-01 1.292548327870285674e-01 -1.875077596553003656e-01 -9.958512525247806280e-03 -1.313051444588065053e-01 9.912919787161280638e-01 6.958357405387403105e-01
9.931040273262227158e-01 1.143753212037863787e-01 2.574250974493198785e-02 8.663887732377204998e+00 -1.168023198580307592e-01 9.841589454086547839e-01 1.333731166611432928e-01 -2.145877386130726205e-01 -1.008012818467594711e-02 -1.354601641504075138e-01 9.907315150655726654e-01 9.689145695888043974e-01
9.927945289347297475e-01 1.162807926763923805e-01 2.894478488118067128e-02 7.362628453126106365e+00 -1.190699440017708166e-01 9.844399177209445240e-01 1.292300152170348659e-01 -1.651765833296215402e-01 -1.346743303986087763e-02 -1.317453059965695839e-01 9.911921118507689421e-01 1.293250681134367142e+00
9.928004890011351558e-01 1.159842850848735035e-01 2.991378699626068977e-02 8.157097690453682048e+00 -1.189473563801157763e-01 9.840522428973680347e-01 1.322600077833097076e-01 -1.687643405668771135e-01 -1.409664673915746874e-02 -1.348659662850869023e-01 9.907635720436541726e-01 1.754301798068524931e-01
9.927276725829484727e-01 1.150392981513582852e-01 3.546446064562518846e-02 7.843656384101066692e+00 -1.187844966810223252e-01 9.839148963390431657e-01 1.334230868716740626e-01 -1.531165641419923173e-01 -1.954511284895528792e-02 -1.366654186068040622e-01 9.904244301917984883e-01 4.688809823714734648e-01
9.925604252660126248e-01 1.157946425494323223e-01 3.762184143022725274e-02 8.464963757147941692e+00 -1.198292635192152872e-01 9.837835032063083629e-01 1.334577327230074550e-01 -1.801113308094775545e-01 -2.155805650318287636e-02 -1.369730614974069838e-01 9.903401590483105199e-01 6.515675496779920195e-01
9.923004216894775187e-01 1.170953418713624045e-01 4.035534694329557387e-02 8.311182343115959270e+00 -1.214141321395200840e-01 9.840246137019998951e-01 1.302081723450454198e-01 -1.674328733854329454e-01 -2.446388423149824243e-02 -1.341053337517141841e-01 9.906650684402115159e-01 3.886168312751294707e-01
9.912372403107660990e-01 1.225253968443343888e-01 4.935849014338630075e-02 7.416821204772148235e+00 -1.282718927843461421e-01 9.820674169918818253e-01 1.381662404656602838e-01 -1.212595020108258592e-01 -3.154449147818988441e-02 -1.432868298589644318e-01 9.891783607855312299e-01 -2.075892570385917679e-02
9.915355520483776219e-01 1.210014989184850509e-01 4.707320133153140157e-02 6.865997635474357708e+00 -1.265740850964532649e-01 9.816119873852828803e-01 1.428877433634924699e-01 -1.064132627718484270e-01 -2.891798758756967264e-02 -1.476365248879671355e-01 9.886188378302781521e-01 -1.232335630334375765e-01
9.914239922028509344e-01 1.224512016971452261e-01 4.565272048286382611e-02 7.011547856679115398e+00 -1.280614911504249220e-01 9.799567037418112081e-01 1.525946043469876001e-01 -1.223970007770097124e-01 -2.605229680644445198e-02 -1.571323072904140528e-01 9.872338708921507555e-01 3.491406079851628874e-01
9.911954814928972679e-01 1.259499692115678693e-01 4.084265813666659861e-02 6.528607987513694866e+00 -1.308903733668648761e-01 9.786120657343150286e-01 1.587014018813305838e-01 -1.126850125067269670e-01 -1.998068136841748069e-02 -1.626500232241667732e-01 9.864814961859303954e-01 6.468317445837499235e-01
9.919299875316072157e-01 1.203968094352234480e-01 3.974302597141010640e-02 5.767246150126609905e+00 -1.254428292829673497e-01 9.774728734932539576e-01 1.697376745637974582e-01 -7.994289590645192733e-02 -1.841185533915575684e-02 -1.733533670358317347e-01 9.846875716288442382e-01 1.043473386438989792e+00
9.951065463576159731e-01 9.043605585540542835e-02 3.980303000445717387e-02 4.951079749217186077e+00 -9.655575354836022639e-02 9.755500228675678676e-01 1.974313534872212117e-01 -6.233607685792802444e-02 -2.097493391946805841e-02 -2.003084438669667233e-01 9.795083355758991139e-01 1.714317464502954635e+00
9.954387111265876609e-01 8.704231680848993624e-02 3.905646521702175328e-02 5.524946593394432170e+00 -9.307922033127838390e-02 9.758864672360690884e-01 1.974382480879173229e-01 -8.673400885093568435e-02 -2.092919332318603567e-02 -2.001730205350239766e-01 9.795369981357139322e-01 1.727229126962328110e+00
9.958152106501441114e-01 8.193333682921066785e-02 4.048449769776314017e-02 5.442871891608390911e+00 -8.845326838994441165e-02 9.754809395610423151e-01 2.015265636690173334e-01 -9.192584489140270820e-02 -2.298011203074387665e-02 -2.042642035921544974e-01 9.786460287468177199e-01 2.030824699672365341e+00
9.956827093670315154e-01 8.443002150254755311e-02 3.856829963333947842e-02 4.986961000313911541e+00 -9.066813621253823341e-02 9.736390188341035312e-01 2.092996657415125417e-01 -7.439227436337231270e-02 -1.988042613407244724e-02 -2.118929740997648470e-01 9.770906489082188395e-01 2.684724846156740341e+00
9.960337014238926923e-01 7.876414853511025382e-02 4.138930457689338205e-02 5.029794939508590801e+00 -8.580816072525503102e-02 9.733441538590064113e-01 2.126925426559277688e-01 -5.482914705428837410e-02 -2.353349062014722243e-02 -2.154004806262835303e-01 9.762421870443817040e-01 2.379034438403749618e+00
9.962002273917204276e-01 7.735425447938745758e-02 4.001782426148221133e-02 4.881197073211822612e+00 -8.423075087269898953e-02 9.725560037542478886e-01 2.168870677771929378e-01 -3.055494685325382820e-02 -2.214243780856178789e-02 -2.194336776237994224e-01 9.753761190291612149e-01 2.011303880485201034e+00
9.960648300317102022e-01 7.706976059930156775e-02 4.376192837463373231e-02 4.845981605997238262e+00 -8.482455337525329764e-02 9.720928730782245619e-01 2.187241213383001870e-01 -2.817127328965424171e-02 -2.568364301630579952e-02 -2.215754907738872737e-01 9.748049304192720754e-01 1.862280735047960434e+00
9.963110886378195863e-01 7.522730275849179304e-02 4.129246392509209468e-02 5.068767138471756084e+00 -8.254719446559340146e-02 9.716506350133605752e-01 2.215423304111263925e-01 -4.055461135360954872e-02 -2.345581683042238796e-02 -2.241336574408569482e-01 9.742761047357172410e-01 2.410459646257066879e+00
9.966622872214153661e-01 7.145238811413179292e-02 3.948216639654258259e-02 5.181988843431625469e+00 -7.845350793225495944e-02 9.720516308127854499e-01 2.212705902900968247e-01 -7.032311183068512550e-02 -2.256839213812993419e-02 -2.236295670679343817e-01 9.744128921608682381e-01 3.579077729257249985e+00
9.967301181062290238e-01 7.011062266742101867e-02 4.016929485476808392e-02 5.615509398927841289e+00 -7.739435005799583100e-02 9.712207091990698871e-01 2.252564063505323733e-01 -8.588395115587471595e-02 -2.322038412781296871e-02 -2.276287209735236017e-01 9.734710982607108765e-01 3.854316422017717514e+00
9.969056586812008458e-01 6.625236470982914794e-02 4.230522260616000757e-02 5.811778315057907207e+00 -7.417099395815274221e-02 9.710421606164345576e-01 2.271030293955281776e-01 -1.007582753584122526e-01 -2.603404203462526129e-02 -2.295381155183649491e-01 9.729514284791492829e-01 4.216022291453981552e+00
9.971810911553705692e-01 6.339192018952929941e-02 4.014144861448001173e-02 6.196991034498367412e+00 -7.096745730276877995e-02 9.705363545724297047e-01 2.302668114541010502e-01 -1.286984573737120496e-01 -2.436167987155817699e-02 -2.324664468432878772e-01 9.722992644478820612e-01 4.575538018020296249e+00
9.968679979581138717e-01 6.732562418504853263e-02 4.149042028077778305e-02 6.321990930190239055e+00 -7.539772178541477576e-02 9.674034979658464595e-01 2.417553632766264449e-01 -1.523103382125830518e-01 -2.386164697901549045e-02 -2.441264681502971490e-01 9.694497869162232995e-01 5.060993113788271103e+00
9.966536000728795086e-01 6.999505922154811155e-02 4.221721386283761035e-02 6.353662096610221965e+00 -7.829883694611557143e-02 9.657979626692700936e-01 2.471913983875102805e-01 -1.567630398705935346e-01 -2.347112256911035311e-02 -2.496697558545271645e-01 9.680465481664023430e-01 5.862512686523103866e+00
9.966552118965428253e-01 6.760609669052936033e-02 4.591082976518998104e-02 7.073280536284599407e+00 -7.693237913228775926e-02 9.656831008570382346e-01 2.480676475483680199e-01 -1.772189143732523786e-01 -2.756442708462114588e-02 -2.507699431937691070e-01 9.676541933718317834e-01 6.051858999999666366e+00
9.962946139091319875e-01 7.119064661883880984e-02 4.825903158627729145e-02 6.995201759686622722e+00 -8.106072602064032240e-02 9.647810594654490091e-01 2.502532037631735595e-01 -1.657740514412855970e-01 -2.874371222824882027e-02 -2.532378311601909959e-01 9.669769386477747863e-01 5.600241967710161362e+00
9.976000411337522245e-01 5.084284043284899302e-02 4.700173940032090908e-02 7.002250515570793254e+00 -6.149109999510936342e-02 9.625958035354919007e-01 2.638714907625530626e-01 -1.702174221784210073e-01 -3.182770100599922186e-02 -2.661283986961566206e-01 9.634119953872757325e-01 6.069132187636995468e+00
9.977661648788090920e-01 4.524338540528885511e-02 4.914993692876621495e-02 6.570466094365272625e+00 -5.682869941997346908e-02 9.616105637066078016e-01 2.684690348812953653e-01 -1.772078428104853498e-01 -3.511665054169472305e-02 -2.706624463144607917e-01 9.620336070064310352e-01 6.167522528442049179e+00
9.977062180814693093e-01 4.303278634465398933e-02 5.225401133872080439e-02 6.115099512686882122e+00 -5.578433561608573538e-02 9.599492328276070241e-01 2.745643427205374243e-01 -1.706057715848421918e-01 -3.834592939861686950e-02 -2.768495073015377339e-01 9.601478740305849913e-01 6.393488475354814682e+00
9.968482451033819913e-01 5.371139363532612121e-02 5.838375140446753347e-02 6.510123931517753704e+00 -6.726539402004445833e-02 9.624228834346718608e-01 2.630923035906221341e-01 -1.738309435233807432e-01 -4.205880409184009627e-02 -2.661903071771077323e-01 9.630024804554353501e-01 5.621295222314500961e+00
9.969384820584985540e-01 5.342936954572249930e-02 5.708734939409286502e-02 5.803479038825187786e+00 -6.661884811724440303e-02 9.626502549115493190e-01 2.624241143535794851e-01 -1.528183877155518400e-01 -4.093399646294183791e-02 -2.654237916779045303e-01 9.632624869395134404e-01 5.579430454643869552e+00
9.968062222869940037e-01 5.291832702750186301e-02 5.980807532885926148e-02 5.324767165532264812e+00 -6.683779932847629113e-02 9.627058194978413974e-01 2.621644783068753370e-01 -1.212026200875973569e-01 -4.370427657402043559e-02 -2.653246233759696260e-01 9.631680956300108232e-01 5.083432638319635544e+00
9.968919490743924916e-01 5.188598021814048999e-02 5.928142143590633961e-02 4.837713383784446819e+00 -6.590696562092006328e-02 9.615099935190264402e-01 2.667485787135227548e-01 -1.078965741828417646e-01 -4.315916766229005441e-02 -2.698265691510832731e-01 9.619412190081335634e-01 4.770311259897852096e+00
9.973187049036026375e-01 5.034246852849282722e-02 5.311343249930600835e-02 3.822118186106834514e+00 -6.283326931632073065e-02 9.611334789859604655e-01 2.688390147269678621e-01 -6.496500258002041450e-02 -3.751507852082056754e-02 -2.714554686036032560e-01 9.617195783848714319e-01 4.337914222153330002e+00
9.975467813220477709e-01 4.737748297718478996e-02 5.153438833215445020e-02 4.473499321093711956e+00 -5.978490082043008691e-02 9.595562959378097778e-01 2.750954026515198270e-01 -6.523716483864544502e-02 -3.641681902519862402e-02 -2.775015117667956610e-01 9.600347526309810364e-01 3.812510424526834640e+00
9.975948793585103225e-01 4.425181756215707668e-02 5.335010140688411368e-02 4.382837020507011516e+00 -5.768174136547336850e-02 9.568013617603496890e-01 2.849631043601732472e-01 -6.956994614231942764e-02 -3.843531437006715568e-02 -2.873550604669873332e-01 9.570526609509469873e-01 4.169907265576028976e+00
9.975103087905148325e-01 5.205542752656675681e-02 4.757537516066499134e-02 4.454843186488304241e+00 -6.357331185936537787e-02 9.557684233171315213e-01 2.871674685773382141e-01 -5.916153720248101822e-02 -3.052241595751452666e-02 -2.894770344170863874e-01 9.566981910034142444e-01 3.751762771280908737e+00
9.977291490590587397e-01 4.772866561919465733e-02 4.752388448030744200e-02 4.696144633641395671e+00 -5.949550033964855905e-02 9.552745628532669508e-01 2.896736008075894153e-01 -4.480735106993077865e-02 -3.157262354036134006e-02 -2.918432525238691677e-01 9.559449175549120659e-01 3.344173425110483322e+00
9.981133457372467488e-01 4.184699075737551704e-02 4.492859251914715218e-02 3.866853051533851726e+00 -5.320836749856162895e-02 9.546739740596809076e-01 2.928591348775612113e-01 -9.299832271817909390e-03 -3.063688445872796845e-02 -2.946971880043101621e-01 9.550994443999090144e-01 2.945460492046976242e+00
9.884707532372135619e-01 1.235505190320579511e-01 8.752622030891475668e-02 4.403158359875831707e+00 -1.484683024172596122e-01 9.043320306109742246e-01 4.001758883145874468e-01 -3.348502969968675247e-02 -2.971082583828224544e-02 -4.085570310959549811e-01 9.122490992980295532e-01 2.693335556658411178e+00
9.910916329252239532e-01 1.023491245219498580e-01 8.521755602693256715e-02 3.815406613698158367e+00 -1.288110681953336945e-01 8.992277064426967836e-01 4.180875992853459455e-01 -3.528578846383451095e-02 -3.383908769441164310e-02 -4.253400859023251379e-01 9.044007560084259545e-01 3.110462689074182663e+00
9.914612547340350135e-01 9.906155509862905884e-02 8.480205576903153408e-02 3.904081367602501018e+00 -1.257736400786357289e-01 8.981615952039025963e-01 4.212917520699293594e-01 -4.382682579237578979e-02 -3.443213357581039608e-02 -4.283603123565747905e-01 9.029517545113886490e-01 2.849644803675317917e+00
9.921523165166263869e-01 9.534556211898569111e-02 8.088884110250765813e-02 3.125354432215843303e+00 -1.207852630502653513e-01 8.980833363654361357e-01 4.229151701849972467e-01 -1.655754434544204345e-02 -3.232183566213862880e-02 -4.293664457394658074e-01 9.025518014011649770e-01 2.350186043652200851e+00
9.927778170676537783e-01 9.202854310277056027e-02 7.696072500156035667e-02 2.402948998561058147e+00 -1.162743158784669689e-01 8.960777248096895020e-01 4.283981729266418959e-01 1.591792342584968933e-02 -2.953793163677477171e-02 -4.342527586029499842e-01 9.003066434500799353e-01 2.023015373619699631e+00
9.940481273091583692e-01 7.957184656382634835e-02 7.440861393399385293e-02 2.396244040633774830e-01 -1.044011925447373562e-01 8.909309911722548270e-01 4.419755196434080324e-01 8.336993691843391785e-02 -3.112413192993411168e-02 -4.471132856483317486e-01 8.939356790107224615e-01 1.773634636076593551e+00
9.944647796114153282e-01 7.893034016465229341e-02 6.935274698172767815e-02 1.467425159122086598e-01 -1.017176044596682788e-01 8.886304850743748096e-01 4.472017329343298542e-01 7.350379054766537079e-02 -2.633118028888439821e-02 -4.517807680700601791e-01 8.917403246162084463e-01 2.269652390154504928e+00
9.941704609167643092e-01 7.863927648877731824e-02 7.376285538040129597e-02 1.127312115336991383e-01 -1.037106776234791583e-01 8.845405040914361416e-01 4.547880736876757646e-01 7.793178608041645417e-02 -2.948202821088029973e-02 -4.597868645524681441e-01 8.875397733046014315e-01 2.359202363761568222e+00
9.939891027614942143e-01 8.271411072584769486e-02 7.172195952587860635e-02 -3.454453433498372306e-02 -1.062434736490648624e-01 8.868818214600784344e-01 4.496142336165902531e-01 6.695489970367790589e-02 -2.641946059971745850e-02 -4.545316387782984413e-01 8.903387004118906711e-01 2.974376001628542099e+00
9.936342606199362049e-01 8.572598276995636868e-02 7.308906895287443917e-02 -3.158955344055556225e-01 -1.096002871282749647e-01 8.856650274440598380e-01 4.512042067888023533e-01 5.293238827359320053e-02 -2.605250820309963286e-02 -4.563425413443696899e-01 8.894227070272545665e-01 3.842954018386507187e+00
9.937370532969044268e-01 8.286070450424450062e-02 7.497181172844699648e-02 2.493729506984720956e-02 -1.079256940767408801e-01 8.855857207750854609e-01 4.517631854382627710e-01 6.883534522127748856e-02 -2.896055011285463346e-02 -4.570252015024255932e-01 8.889821436501568197e-01 3.149023869308138046e+00
9.935113908248623948e-01 8.548183882050056082e-02 7.501980760514861957e-02 6.557717553283310963e-01 -1.102250572087308395e-01 8.862492768375563879e-01 4.499029407197071007e-01 7.314979949366690049e-02 -2.802771957508436163e-02 -4.552527589556972232e-01 8.899209922227063752e-01 2.860835054191255722e+00
9.939265133221220072e-01 8.120618531955892117e-02 7.426736551928446450e-02 4.919986060763932301e-01 -1.060922676876625836e-01 8.863698905203052369e-01 4.506582384866733570e-01 7.479304367076994309e-02 -2.923212021422488816e-02 -4.558003649020780368e-01 8.896018831493746060e-01 3.307190099033022079e+00
9.939798216651533069e-01 7.850858739678256981e-02 7.642326757913295299e-02 2.725527218486405445e-01 -1.048014693747484349e-01 8.846935480580421229e-01 4.542400004858295759e-01 9.547755041491629013e-02 -3.194943097151595884e-02 -4.595146654127967301e-01 8.875953504447631204e-01 2.907340028556490097e+00
9.933049151967542345e-01 8.352426283440514410e-02 7.980628398777890598e-02 1.456517451157722576e+00 -1.114237112006338098e-01 8.750746157465963959e-01 4.709874451174090315e-01 4.984353029501081833e-02 -3.049757413707793879e-02 -4.767264565701339607e-01 8.785225003253118725e-01 2.719499179395342026e+00
9.929228131304742577e-01 8.386157421525865241e-02 8.409235122889578695e-02 1.658793442597541912e+00 -1.138580394473918955e-01 8.735509332645757796e-01 4.732283950121599081e-01 5.062822637480141053e-02 -3.377327372733441441e-02 -4.794538594721366453e-01 8.769169644949350584e-01 2.354788669618272934e+00
9.925038648731833169e-01 8.258714237044945117e-02 9.008574874460947846e-02 1.327410601725730999e+00 -1.154003605266477051e-01 8.759810118568689408e-01 4.683375104094650854e-01 4.400771077122928032e-02 -4.023474868957833267e-02 -4.752227170299198056e-01 8.789451258278797585e-01 3.368058451684618149e+00
9.979129674517891457e-01 2.036671643168267917e-02 6.127728986627777735e-02 1.075606875767860515e+00 -5.000204249400697076e-02 8.441874302883978221e-01 5.337109501307792936e-01 2.734661999490500817e-02 -4.085957828945279563e-02 -5.356610676583308805e-01 8.434439610650759089e-01 3.672598966630602035e+00
9.980227043511178397e-01 1.860887028678317665e-02 6.003658506553301299e-02 1.380308859696540935e+00 -4.775171961501639001e-02 8.455795858177866942e-01 5.317094482158739588e-01 2.884980815794707665e-02 -4.087119858152146734e-02 -5.335249516141395976e-01 8.447962305382523684e-01 3.306280174525880966e+00
9.979986852677544817e-01 2.412768837975980130e-02 5.845065318097464324e-02 1.425427102198753460e+00 -5.180203295236537886e-02 8.420630523477535823e-01 5.368858028042708952e-01 6.648057730462564319e-03 -3.626532208371282401e-02 -5.388391879997533884e-01 8.416276824641232279e-01 3.061780103715562973e+00
9.982939906457041213e-01 2.231642346865202534e-02 5.395447603529037600e-02 1.427896075596962078e+00 -4.818527244478178900e-02 8.367542619477938981e-01 5.454543836395713274e-01 2.288844560798419803e-03 -3.297404676555608372e-02 -5.471236444861163895e-01 8.364020742944942022e-01 3.198991024168634567e+00
9.981996459504355323e-01 2.102663092099637393e-02 5.617248095408818032e-02 1.351044946065101726e+00 -4.825106322022422456e-02 8.378124162346712867e-01 5.438218367270111209e-01 -1.151312968361734024e-02 -3.562726094640344954e-02 -5.455531468107706061e-01 8.373186145562050431e-01 3.666693859966898117e+00
9.978956143675398183e-01 2.314370195369591307e-02 6.056989256973284441e-02 2.015061906482316090e-01 -5.229659395539196926e-02 8.395147260751917306e-01 5.408142850956885184e-01 7.613065776940597384e-03 -3.833287214252731334e-02 -5.428438023619449604e-01 8.389584001310973482e-01 3.862894439371729050e+00
9.980869431611674170e-01 1.866544288695040979e-02 5.894111581087106005e-02 -6.071457947238911856e-02 -4.797932595602252825e-02 8.350973327648065769e-01 5.480058659265536480e-01 2.589176700782419571e-02 -3.899279641167409383e-02 -5.497854545647239410e-01 8.343952994696565151e-01 3.597484999569559250e+00
9.984840344908659793e-01 1.400923677801959623e-02 5.322944816302977583e-02 5.778095952178574635e-01 -4.100358505808146536e-02 8.344672164241093704e-01 5.495299543480622884e-01 6.588681725379241794e-03 -3.671973419331857336e-02 -5.508794840963820993e-01 8.337766218373335869e-01 3.480428160401487503e+00
9.985128468855364314e-01 8.442152754630172229e-03 5.385930431604816354e-02 1.223860525241050823e+00 -3.699723557720843714e-02 8.305469082259208102e-01 5.557184879019307910e-01 -3.088864392269013992e-02 -4.004121831545259802e-02 -5.568846947916878953e-01 8.296240941188863793e-01 3.626075894805097732e+00
9.986228048219758513e-01 7.576975631984750673e-03 5.191419006169931821e-02 1.162253790249977214e+00 -3.528614950002809114e-02 8.292709271975675644e-01 5.577316711092782375e-01 -3.276824379939197174e-02 -3.882500924599500969e-02 -5.587954176128850925e-01 8.283962215702637133e-01 4.097629190655851517e+00
9.985568951353509526e-01 5.062780558482492255e-03 5.346489905222170241e-02 2.039913587918434246e+00 -3.408283113776047757e-02 8.291074627721454204e-01 5.580494384883568637e-01 -6.057742225605605713e-02 -4.150286495270549825e-02 -5.590663497551539018e-01 8.280835276541644863e-01 3.169881225796842728e+00
9.985772706768674123e-01 5.394640723721646006e-03 5.305028123394181505e-02 1.907178693165931804e+00 -3.421480029698541897e-02 8.278904471569572543e-01 5.598452955476993509e-01 -4.520136291760562530e-02 -4.089965682222482940e-02 -5.608638920074240364e-01 8.268971596964818094e-01 3.353477956029081497e+00
9.986155847764003335e-01 3.404116938187987801e-03 5.249119763883295514e-02 1.980865248193893535e+00 -3.213723465206189817e-02 8.294877325866777396e-01 5.575995871923959957e-01 -4.622828761715053192e-02 -4.164267031070646025e-02 -5.585145597709009202e-01 8.284487760467212913e-01 3.125107021304273758e+00
9.984578442235383378e-01 3.560849631909527788e-03 5.540084528581960127e-02 1.902228959551010234e+00 -3.396345755005442807e-02 8.285743095420395887e-01 5.588480089596615796e-01 -4.022738697606681457e-02 -4.391374340374595148e-02 -5.598677825315824252e-01 8.274174576496670097e-01 2.610406668158674393e+00
9.981890404668627426e-01 3.953210415471452785e-03 6.002509158056336391e-02 1.764673628559265239e+00 -3.707791415027023724e-02 8.261858694289325733e-01 5.621762512221801789e-01 -1.880471023398994079e-02 -4.736948146337682797e-02 -5.633837779732122630e-01 8.248362570489496948e-01 1.823258073302412186e+00
9.981464460419871010e-01 3.961090378881251470e-03 6.072875774096637286e-02 1.778719254484329326e+00 -3.767472736720538923e-02 8.238957447445823812e-01 5.654877688417112580e-01 -4.669795917946456543e-02 -4.779421692587287884e-02 -5.667275461408067816e-01 8.225178425260222248e-01 3.506514818640852127e+00
9.980198423130957064e-01 9.052853263518248483e-03 6.224500138270223221e-02 1.654681988706741436e+00 -4.307764836281361559e-02 8.194608449966722663e-01 5.715139890928911948e-01 -5.607447295117734543e-02 -4.583350914858230069e-02 -5.730636695561225347e-01 8.182281589349010842e-01 3.941933007212782059e+00
9.980444354849106192e-01 1.455683085146100217e-02 6.078983034330585900e-02 1.356533863296661480e+00 -4.691748077029626179e-02 8.170651784846467702e-01 5.746331387120143797e-01 -2.867592765617726913e-02 -4.130441617762967838e-02 -5.763615122329163176e-01 8.161503246466369488e-01 3.219605953665876541e+00
9.979939098791338337e-01 2.128905297591381085e-02 5.962325106490193316e-02 3.005128881837464405e-01 -5.169751813748627717e-02 8.176586129544762827e-01 5.733775015465694125e-01 3.785842762660623917e-02 -3.654480075994220173e-02 -5.753096287085334160e-01 8.171189072911393403e-01 1.735365540953779373e+00
9.975824405372715198e-01 2.451854246078713148e-02 6.502396025542858671e-02 -6.939252832029723095e-01 -5.789861180948732700e-02 8.107147502710592146e-01 5.825713213362535559e-01 7.410256297659517655e-02 -3.843208402149526220e-02 -5.849277175587874744e-01 8.101743887270393962e-01 2.161876381608152542e+00
9.976365013335104504e-01 1.969450475464827946e-02 6.582961103866441510e-02 -6.236560710762404369e-01 -5.497339237179079546e-02 8.035330992902387504e-01 5.927161921832070357e-01 5.323846743774057755e-02 -4.122301951785974083e-02 -5.949341852906860906e-01 8.027166236190315107e-01 2.374792845221662674e+00
9.975665269064584173e-01 1.820929873397524046e-02 6.730115775677950052e-02 -2.005355990776862996e+00 -5.475773075680728796e-02 8.021475199787319044e-01 5.946099117188804462e-01 9.544435994100214371e-02 -4.315802727362633845e-02 -5.968482031736265236e-01 8.011926154491578744e-01 2.560207576724195633e+00
9.974802141761137664e-01 1.264179757406192796e-02 6.980979359137685913e-02 -1.292724288353767292e+00 -5.147018786793594591e-02 8.061664017025088613e-01 5.894459708292765221e-01 6.714678102504850754e-02 -4.882665345908503152e-02 -5.915538164192041259e-01 8.047857107279309252e-01 3.164933354827070389e+00
9.973164815101475122e-01 4.819412485180026712e-03 7.305209765309352010e-02 -1.157634667405929463e+00 -4.701286486983700247e-02 8.070698752647269547e-01 5.885813511970189316e-01 7.704533928405882248e-02 -5.612153102820580108e-02 -5.904362706537223948e-01 8.051306627197689636e-01 3.229007438989782486e+00
9.972892374169304297e-01 7.081509386483454335e-03 7.323953274814432035e-02 -5.513121404741667675e-01 -4.892297663087984833e-02 8.072939929475057008e-01 5.881181440054770171e-01 6.969504862424374947e-02 -5.496107067672302560e-02 -5.901069912953766927e-01 8.054520591161129506e-01 2.670538679929876480e+00
9.965902387600878987e-01 1.888127826985871657e-02 8.032056610238196004e-02 5.698656520749665333e-01 -6.315271086351507968e-02 8.010369313171600281e-01 5.952743651263480151e-01 3.120461165305615792e-02 -5.310019885744508839e-02 -5.983170831564845749e-01 7.994979905443266865e-01 1.706281916471624527e+00
9.961440252903902559e-01 1.937886926019669748e-02 8.556599969879705170e-02 6.184895715619660450e-01 -6.650328721365322826e-02 8.029113924683253245e-01 5.923770831441346196e-01 2.294949408021212944e-02 -5.722231791911860238e-02 -5.957833123466709235e-01 8.011041449531967062e-01 1.221220181556844864e+00
9.960573987283437569e-01 1.630087621797853339e-02 8.720057266469773138e-02 7.674913189317322804e-01 -6.548239232226361894e-02 7.982483702378208035e-01 5.987583784035228618e-01 2.258572227653504738e-02 -5.984742880256624376e-02 -6.021078149693700476e-01 7.961686155699260192e-01 1.099363216432237778e+00
9.957975159941734322e-01 1.119762262702682365e-02 9.089510650929807922e-02 1.770512439956817730e+00 -6.362122259054046880e-02 7.984944812056024022e-01 5.986308574741873167e-01 8.031135737562311583e-04 -6.587599848138052383e-02 -6.018979786738766213e-01 7.958512273612339261e-01 1.500978120835924301e+00
9.959659370954943025e-01 8.828792633623462963e-03 8.929672203461011537e-02 1.845951386442337139e+00 -6.101591184997275791e-02 7.963078518003975370e-01 6.018063340163116726e-01 -8.859333923492418439e-03 -6.579445756756645280e-02 -6.048271303287151568e-01 7.936341926679577607e-01 1.534072594019079361e+00
9.961119663187669726e-01 1.010457662978866793e-02 8.751484495611194792e-02 1.462273516407165630e+00 -6.102526404166531970e-02 7.955998031578671581e-01 6.027411304729487496e-01 -2.334555086347817054e-02 -6.353634947968456181e-02 -6.057382691776175276e-01 7.931231187832690210e-01 2.756924108835363540e+00
9.961140755059915142e-01 4.734625999968470993e-03 8.794505043198373728e-02 2.342096843471679790e+00 -5.722561175149917106e-02 7.938373789921802093e-01 6.054316188261827936e-01 -4.942197386774777046e-02 -6.694757604656363659e-02 -6.081116665806256538e-01 7.910235287461577780e-01 3.163389460416937027e+00
9.959269508334844812e-01 1.810187494541964232e-03 9.014561456195600841e-02 1.963351734628830059e+00 -5.639639357982054180e-02 7.925828572447581877e-01 6.071506083278885857e-01 -4.452871751639603248e-02 -7.034881231910108945e-02 -6.097615416070202299e-01 7.894567163450583180e-01 3.866979495855474624e+00
9.960382609368466644e-01 -1.253526567927608620e-03 8.891687928085219295e-02 2.201643132319603069e+00 -5.370396158595672903e-02 7.884869005086785343e-01 6.127024500001542195e-01 -7.026306760165451637e-02 -7.087783334637300092e-02 -6.150502714391408166e-01 7.852958018114977179e-01 5.779411928030157242e+00
9.960952022783561288e-01 -2.254009578711660584e-03 8.825682658502914668e-02 3.078109644999656780e+00 -5.240574754638884641e-02 7.894070329002031983e-01 6.116291147679299156e-01 -9.880568493757008186e-02 -7.104917749098148272e-02 -6.138659917673534583e-01 7.862064350597358642e-01 5.278955714079046402e+00
9.962506840661927709e-01 -5.536875465188917898e-03 8.633607303859672233e-02 3.760171078791771038e+00 -4.856953071516216525e-02 7.900454311350966208e-01 6.111212788216983105e-01 -1.123971784174775945e-01 -7.159312246125208723e-02 -6.130232946247982095e-01 7.868143777687378604e-01 5.600831375690603409e+00
9.964030704345621103e-01 -3.335445051554215574e-03 8.467464812377673011e-02 3.272149973263893230e+00 -4.981826190962954093e-02 7.852549212045132343e-01 6.171651719794284396e-01 -1.452970647871827947e-01 -6.854970465932655466e-02 -6.191636161229130408e-01 7.822642484868634893e-01 7.561340795131826553e+00
9.964808769836094315e-01 1.075030525956596024e-03 8.381351988399546316e-02 4.790584855427894695e+00 -5.310975532485474881e-02 7.816837759298594923e-01 6.214095496026522669e-01 -1.864872233629560339e-01 -6.484763446195014602e-02 -6.236740484879945701e-01 7.789900291706458590e-01 7.460978486808443222e+00
9.963459934173940491e-01 4.696849930498953399e-03 8.527954621030972571e-02 4.640238993516121013e+00 -5.687416171162430062e-02 7.813934344943846977e-01 6.214415742921208796e-01 -1.689466809541320669e-01 -6.371805969037340478e-02 -6.240210253908117233e-01 7.788053471436195974e-01 7.470914879115724716e+00
9.964369490026416809e-01 4.861800263543577041e-03 8.420076935814893582e-02 3.902581446519050701e+00 -5.619275103978988578e-02 7.827518393108141570e-01 6.197918463372339426e-01 -1.285895308167075979e-01 -6.289500292461221165e-02 -6.223149692508888053e-01 7.802360525208883457e-01 7.139967003139162216e+00
9.967144387530529892e-01 3.707764468409428978e-03 8.091093908633986698e-02 5.231904857506904705e+00 -5.335969018092669158e-02 7.815922344450016990e-01 6.215032763542481797e-01 -1.649590110093688833e-01 -6.093497390646947925e-02 -6.237786719165029359e-01 7.792221104518926023e-01 8.172327080043459091e+00
9.965605221577754635e-01 -2.713048200273804073e-03 8.282369857767130084e-02 4.517359249940071209e+00 -4.955769299411173778e-02 7.815316400611657111e-01 6.218941474627381893e-01 -1.327577693075275289e-01 -6.641656978287367730e-02 -6.238597077490801723e-01 7.787091268923904686e-01 8.033741929801607284e+00
9.961804825014549669e-01 -1.964095193387329057e-03 8.729598280127026655e-02 5.038496487488899334e+00 -5.346741269219403708e-02 7.766819598199696806e-01 6.276196053902501903e-01 -1.565708549380636083e-01 -6.903391965672361907e-02 -6.298898916638384637e-01 7.736103943953615003e-01 7.860169091495180282e+00
9.957478607144001348e-01 5.113807566988375682e-04 9.211914226922315874e-02 5.539809279790077312e+00 -5.852416657213619505e-02 7.757654628379445638e-01 6.283015745602318347e-01 -1.862429802924728262e-01 -7.114154770408467887e-02 -6.310211447784862537e-01 7.724967281695864774e-01 8.956586518558168564e+00
