9.980124348208261331e-01 5.708760576118577547e-03 6.275818668262218847e-02 5.987545999999999841e-02 -5.760680200991126314e-03 9.999831982352752613e-01 6.463828369344079864e-04 2.308104999999999966e-03 -6.275344218947842556e-02 -1.006627952387988308e-03 9.980285527947270197e-01 4.305402999999999869e-01
9.980061041905067265e-01 7.116278460589036715e-03 6.271502674286910661e-02 1.904257998180007849e-01 -7.145434518877443603e-03 9.999744421064299393e-01 2.406230885237731947e-04 1.942216499958515294e-02 -6.271171153798837938e-02 -6.882694280967172886e-04 9.980314461584718355e-01 -1.904261344787597787e-01
9.979251133028080867e-01 1.684013545859113815e-03 6.436328408304856086e-02 6.453844473075485144e-01 -1.903505838022559547e-03 9.999925802699832778e-01 3.349040236508554237e-03 5.861458449874401566e-02 -6.435716669573375570e-02 -3.464607244479849316e-03 9.979209144975061951e-01 -1.810505771052551172e+00
9.980832134004954392e-01 1.561949348756873183e-03 6.186646460218131471e-02 8.415305182647323523e-01 -2.315577602714944012e-03 9.999239694269695944e-01 1.211170779777652300e-02 5.707431293342590806e-02 -6.184284298531916857e-02 -1.223174883836459712e-02 9.980109453767770367e-01 -2.658605956446838281e+00
9.981457990945556968e-01 -1.015504950847635843e-03 6.085994166597220173e-02 1.110930697650871268e+00 2.655120913874493404e-04 9.999239464252341891e-01 1.233007983407753867e-02 4.297676577482700822e-02 -6.086783430696431768e-02 -1.229105833849154263e-02 9.980701561672404853e-01 -1.487507008921813867e+00
9.983930268310253764e-01 -2.338938587317276451e-03 5.662060880517148787e-02 4.520385429572677527e-01 1.518976982188555754e-03 9.998934198237154902e-01 1.452038918771464578e-02 5.388777970586300370e-02 -5.664853646927770631e-02 -1.441104991039435929e-02 9.982901707201013997e-01 -8.510921234008788083e-01
9.981916561576777980e-01 -1.318650312454367965e-02 5.864753799213455465e-02 8.059731886100387488e-01 1.222213854927438337e-02 9.997846393300441337e-01 1.677183022140722388e-02 1.841846375976086136e-02 -5.885606941068022291e-02 -1.602470265058817192e-02 9.981378522020319943e-01 -3.947677553863515598e-02
9.980386316097870081e-01 -1.365275560376987343e-02 6.109412474933743203e-02 9.305638388108825598e-01 1.270285630592577451e-02 9.997927391630063720e-01 1.590962471599680420e-02 7.474338517229561774e-03 -6.129867254790168085e-02 -1.510235019315155774e-02 9.980052062802621249e-01 8.363722330215455081e-01
9.980612586833925715e-01 -2.028980380699749869e-02 5.883916872964495975e-02 1.273684205145797721e+00 1.880237502414907128e-02 9.994922440537234998e-01 2.572401154375448043e-02 4.995887980501656500e-03 -5.933122793920023869e-02 -2.456782322318174644e-02 9.979359836448934429e-01 1.112129873621749976e+00
9.976856487306029475e-01 -3.493627998129114620e-02 5.833354659254622737e-02 2.284452334355926428e-01 3.182114053781110591e-02 9.980605345541356810e-01 5.350312495906831001e-02 4.387195210222483155e-02 -6.008961084803929320e-02 -5.152305994971222158e-02 9.968623841642083594e-01 1.077045037436771491e+00
9.976031427307514576e-01 -3.260062457543276560e-02 6.103416167213009114e-02 5.050314382028198157e-01 2.884105714355506347e-02 9.976905029778341261e-01 6.149677788859090471e-02 2.710258948866606232e-02 -6.289803682604264146e-02 -5.958908914497838133e-02 9.962394177196070011e-01 1.572735293793964484e+00
9.970407458928647326e-01 -3.761169277808406458e-02 6.704559341050789212e-02 4.508892312955474768e-01 3.342031871642005270e-02 9.974804303948855422e-01 6.257693885231897790e-02 4.293193097476244446e-02 -6.923029197030028392e-02 -6.015107268869761270e-02 9.957856270945599775e-01 1.091930343795108893e+00
9.969679653696814636e-01 -3.500721450482144337e-02 6.949367567808570345e-02 5.950988248300170813e-01 3.043645094913273105e-02 9.973701424184565623e-01 6.577553850641501554e-02 2.538334752682924744e-02 -7.161353559389857515e-02 -6.346096394478471792e-02 9.954115769745398579e-01 1.987468435454654792e+00
9.966447135581166794e-01 -4.413766383021155287e-02 6.892881522462827870e-02 1.521760673851928702e+00 3.952377089256495224e-02 9.969749533219716131e-01 6.692394177784714848e-02 -8.371902748305792841e-03 -7.167416878549584536e-02 -6.397506608252839788e-02 9.953743036911513187e-01 1.966688661861705878e+00
9.963439119164001490e-01 -4.744274372813089835e-02 7.104924527869170559e-02 2.514381022782287367e+00 4.292619310408114092e-02 9.970390018090848905e-01 6.380102520442018643e-02 -4.282262374397038940e-02 -7.386576428032091968e-02 -6.051788941371650382e-02 9.954302757743473951e-01 1.755433975744533637e+00
9.963494089600631876e-01 -4.789851107097838762e-02 7.066532319402507589e-02 2.770475091071090468e+00 4.340067024461095185e-02 9.970141644702892325e-01 6.386812716785676691e-02 -4.706870916049599174e-02 -7.351351635754610481e-02 -6.056804836540750220e-02 9.954533009789833242e-01 1.477225332546520331e+00
9.965785524056460787e-01 -4.976725049041383353e-02 6.598795089780708223e-02 2.685717166991195448e+00 4.513657022421745796e-02 9.965323494560076600e-01 6.989968895555763451e-02 -5.817699677060961250e-02 -6.923784307343261446e-02 -6.668206105328346178e-02 9.953690892428922465e-01 1.992004483032512763e+00
9.970272780385811551e-01 -4.642176300033551417e-02 6.149493285563070039e-02 2.819648937911948927e+00 4.187597496149145920e-02 9.964337985813161991e-01 7.325358534456613557e-02 -5.519075191329836372e-02 -6.467619011662938122e-02 -7.046066253413868496e-02 9.954156345302437314e-01 1.915762535321998694e+00
9.970382523230341132e-01 -4.792256467943716014e-02 6.015106980906335943e-02 2.520615087480506666e+00 4.290305925306974605e-02 9.956974950796612100e-01 8.213297631777105590e-02 -6.193988176744102958e-02 -6.382829240514929781e-02 -7.930905425380582741e-02 9.948045149686493005e-01 2.341297916162300208e+00
9.968987734171049775e-01 -5.297921322882154227e-02 5.818967713543930775e-02 2.410534219474754103e+00 4.811261439767846454e-02 9.954646974914584945e-01 8.206833971794046112e-02 -4.402565921406864646e-02 -6.227368541600786234e-02 -7.901416970325034206e-02 9.949265043664351493e-01 1.753249040830421546e+00
9.967415175416501905e-01 -5.328573650108314047e-02 6.055557360231595548e-02 2.679580317468604811e+00 4.805541525052225982e-02 9.952410012972674469e-01 8.477043353618389510e-02 -4.177259991626858238e-02 -6.478444469059098376e-02 -8.158418733032665737e-02 9.945586941471992182e-01 1.560230395782280066e+00
9.963592849266998952e-01 -5.383174572555964738e-02 6.610838443415266441e-02 2.504314468831977614e+00 4.806766308987116265e-02 9.951448429369034177e-01 8.588504725017304109e-02 -4.002647812228321555e-02 -7.041075986973627243e-02 -8.239468871368171854e-02 9.941093703241821178e-01 1.567310339796829322e+00
9.967190366782124888e-01 -4.778505482380789732e-02 6.532802200236605128e-02 2.097533898086509474e+00 4.129803012202766521e-02 9.944001234446009363e-01 9.727726970573535858e-02 -2.303300949494957450e-02 -6.961059280954333406e-02 -9.426018793132101559e-02 9.931109617458946381e-01 1.430103725779342749e+00
9.966539504109860337e-01 -4.599291496681918306e-02 6.756889005326845166e-02 1.697611139745673903e+00 3.905232745450429310e-02 9.941528821833773844e-01 1.006725512087073143e-01 -4.426559398632168296e-02 -7.180403087962340669e-02 -9.769697344001279649e-02 9.926225277164021366e-01 2.947886175501632788e+00
9.970171181115233816e-01 -3.315838867440078913e-02 6.969496002660656442e-02 2.296984003515205153e+00 2.540086197046035471e-02 9.936748857852150119e-01 1.093847227491004520e-01 -5.071617209102630142e-02 -7.288115259619964981e-02 -1.072881289810635047e-01 9.915531226192534353e-01 1.952241248476791480e+00
9.970157286121744677e-01 -3.352066758072490965e-02 6.954136714846444189e-02 2.259387211532554396e+00 2.518754971019959710e-02 9.927626460389789020e-01 1.174219569300453681e-01 -5.115984671499251846e-02 -7.297413404440793172e-02 -1.153199613017093506e-01 9.906442763605113333e-01 1.985128137308645346e+00
9.970663088705025157e-01 -3.729610317488810112e-02 6.684142729864230026e-02 1.978384183378181227e+00 2.908895967062160789e-02 9.923711644874635418e-01 1.198052766745954789e-01 -3.087847598578452590e-02 -7.079977500410952751e-02 -1.175094574141312409e-01 9.905447588461633313e-01 2.240153166491079428e+00
9.969474908896350795e-01 -4.119944345904161254e-02 6.631972758935369971e-02 2.134715320200881727e+00 3.282708664003890220e-02 9.918982414943499082e-01 1.227202546572634667e-01 -5.287268117751597885e-02 -7.083842736529538664e-02 -1.201685665183763879e-01 9.902229207755849361e-01 2.929522308546590903e+00
9.968556798940704233e-01 -3.898608805798620819e-02 6.898433445982955770e-02 2.454911293120345839e+00 3.006017765076397785e-02 9.915748141359361778e-01 1.259991019447682381e-01 -6.051371258433579925e-02 -7.331534070394267466e-02 -1.235292390862120226e-01 9.896289142442464826e-01 2.822542126316118338e+00
9.967811389983369796e-01 -3.696686099169240597e-02 7.113938519272609839e-02 2.362004311413726576e+00 2.761853841756491124e-02 9.913672777925647273e-01 1.281722936435060467e-01 -8.047568809922456268e-02 -7.526338600445542371e-02 -1.257949590030560116e-01 9.891971749942292114e-01 4.087840254444170540e+00
9.967395349024216200e-01 -3.386781545634588719e-02 7.323435422477077295e-02 2.712261231274566420e+00 2.379187256295760278e-02 9.906521915883789164e-01 1.343211900672777459e-01 -9.484260913666009429e-02 -7.709893878940414502e-02 -1.321408580922519560e-01 9.882279834431886290e-01 4.441267396349001473e+00
9.966933062353735551e-01 -1.987250255150311423e-02 7.878792387124057550e-02 1.706597359509429701e+00 9.982809168359368587e-03 9.922341053090417695e-01 1.239831592704161711e-01 -6.489173707302331451e-02 -8.063992080048205946e-02 -1.227866601219601839e-01 9.891514743806361087e-01 4.799226994651842659e+00
9.965243746522159940e-01 -1.854419905262425644e-02 8.121135022585547480e-02 1.486346723170242079e+00 8.102739368394871328e-03 9.918619465507039212e-01 1.270599252296981119e-01 -6.687485252257108215e-02 -8.290667246209902641e-02 -1.259602781282466999e-01 9.885648648394889104e-01 4.955444510120440071e+00
9.960591547518935496e-01 -2.065648707494121411e-02 8.625236099183705707e-02 1.352110804648360975e+00 9.742118880035439618e-03 9.920972607253576436e-01 1.250924313496588614e-01 -7.510028325702666763e-02 -8.815470126244343008e-02 -1.237591806815342560e-01 9.883887969024965914e-01 5.660029645103502816e+00
9.961580344193058378e-01 -1.604411738235916179e-02 8.609156032554023119e-02 1.577160792083701857e+00 3.723660799213888810e-03 9.899453775355607776e-01 1.414011451376128159e-01 -9.475430578674792770e-02 -8.749459875968031153e-02 -1.405373110365960021e-01 9.862017843192565358e-01 5.743629130560446328e+00
9.960331223932841205e-01 -2.748667821613972814e-03 8.894078884680310659e-02 1.516674982042274245e+00 -1.148884435321541678e-02 9.871843274013323288e-01 1.591700668737898727e-01 -9.100693476136445526e-02 -8.823845845725537818e-02 -1.595604855795619004e-01 9.832367089824818329e-01 5.642901281851816719e+00
9.957523025083155899e-01 -3.768332207275257393e-03 9.199538967667650335e-02 1.377965913743934401e+00 -1.158301402598890979e-02 9.860970035778431342e-01 1.657665024088792738e-01 -8.933502168144702438e-02 -9.134104135306149452e-02 -1.661279603413430284e-01 9.818647131643765125e-01 5.735338176626253670e+00
9.956422147678759549e-01 -2.802349646793663319e-03 9.321334136579408070e-02 1.440880762071571120e+00 -1.325923381046327336e-02 9.851395492603883808e-01 1.712432807493435294e-01 -9.159609594132422927e-02 -9.230803264547679521e-02 -1.717329767968171494e-01 9.808093656718543940e-01 5.716256606418181008e+00
9.956448284740537780e-01 -6.833669236098984662e-03 9.297675245804043476e-02 1.184747354717216261e+00 -9.551315988388302952e-03 9.845849082948616715e-01 1.746463017669968587e-01 -8.205475018109797958e-02 -9.273698235203736706e-02 -1.747737375087303202e-01 9.802316016031453749e-01 5.560819643575239724e+00
9.958383480476932226e-01 -8.702915206448183505e-03 9.072069127024311175e-02 1.358182059259376295e+00 -7.395761284417901385e-03 9.844301966746901167e-01 1.756203023287881415e-01 -9.145195142116069320e-02 -9.083659654932750571e-02 -1.755603803309289113e-01 9.802689761414437042e-01 5.757629829484510964e+00
9.951650255586352856e-01 -1.134482170159324677e-02 9.755955578742551981e-02 1.906603799791297682e+00 -5.994552924093763530e-03 9.844389669154272049e-01 1.756245590847895777e-01 -9.310413629498004440e-02 -9.803385762133902392e-02 -1.753602447507574547e-01 9.796112225372030080e-01 4.932089704114485329e+00
9.940833162837413584e-01 1.995546689115132097e-02 1.067714363838719177e-01 1.087743984193763502e+00 -3.475392173513234401e-02 9.897396921264017822e-01 1.385911496220580963e-01 -2.900074154819964889e-02 -1.029102774767775147e-01 -1.414818757675044558e-01 9.845772461411856913e-01 3.877002018529463356e+00
9.941291406543218967e-01 2.409371867615985388e-02 1.054833845790589392e-01 -3.909903898525621813e-01 -3.867995785119585778e-02 9.896066360673777540e-01 1.385011433600394637e-01 3.203276812348843094e-02 -1.010500497898407513e-01 -1.417681154976765667e-01 9.847287387223488953e-01 3.906354988950777596e+00
9.938585055550461789e-01 2.102907577086285049e-02 1.086418377427109255e-01 4.250804052066419203e-01 -3.622624779815313695e-02 9.895074860351041890e-01 1.398663435246476627e-01 1.254043809388161179e-02 -1.045606518072502433e-01 -1.429430412881692591e-01 9.841922358162208395e-01 4.120123024124193734e+00
9.932197532087616576e-01 2.271402147602738508e-02 1.140113812928922332e-01 8.410601482104871351e-01 -3.943749045572640666e-02 9.884023200484528537e-01 1.466476664300878918e-01 1.602637104008675095e-02 -1.093581555371211378e-01 -1.501496818219152929e-01 9.825964923946637342e-01 3.852026726144838875e+00
9.934026424485288276e-01 1.570302186236046185e-02 1.135984378443240655e-01 8.158033058356854994e-01 -3.323020266474888129e-02 9.874980191774093141e-01 1.540889864706513068e-01 5.351460420231823889e-03 -1.097585696296204671e-01 -1.568473054441263670e-01 9.815049562624615920e-01 4.122553433317232674e+00
9.929690404268666226e-01 7.239791093472312117e-03 1.181527408851372890e-01 2.663440124721488722e+00 -2.616927094065934697e-02 9.868574788577710866e-01 1.594599814402289373e-01 -4.284938902344226364e-02 -1.154454590366458533e-01 -1.614307958457947834e-01 9.801083838741567744e-01 3.841257001298952645e+00
9.928668164847075372e-01 3.384340592333435344e-03 1.191806652199806915e-01 2.338100002737006911e+00 -2.274794361093014639e-02 9.866119156037875815e-01 1.614913590570679625e-01 -2.356336557056426528e-02 -1.170385226538509099e-01 -1.630505266087171889e-01 9.796512185403660755e-01 3.556299085754442757e+00
9.930005265795137648e-01 1.050182085082832688e-03 1.181052553038881847e-01 1.900535659522971876e+00 -2.011426633894219246e-02 9.868567403703265573e-01 1.603408565378766359e-01 1.553959108207703110e-02 -1.163845801747573905e-01 -1.615941555355329129e-01 9.799703864884403703e-01 2.688894684452105110e+00
9.893610654533245841e-01 8.110815866276478714e-02 1.207731293102818765e-01 1.154609040946922072e+00 -9.114505064324510131e-02 9.926162204714548132e-01 8.003510854746596903e-02 6.368787667963982102e-02 -1.133898668678227917e-01 -9.019149325352224245e-02 9.894484487007887408e-01 1.746214683193255013e+00
9.878762423139567650e-01 9.240554991851016031e-02 1.247467202611530490e-01 1.999544338912925490e+00 -1.043606336728714196e-01 9.901852423258208358e-01 9.296259473332360579e-02 4.344349063251495835e-02 -1.149321017429568575e-01 -1.048541855359773067e-01 9.878239781279524179e-01 1.185428972381640023e+00
9.883261929232113330e-01 9.258252313604703465e-02 1.209950940810185227e-01 1.299231486053428419e+00 -1.051925002728804903e-01 9.891702037977967432e-01 1.023564644024260173e-01 7.474095455620766160e-02 -1.102083221369931226e-01 -1.138893512510646550e-01 9.873618087628061035e-01 2.034828896659899300e+00
9.895766551688630619e-01 8.657716988033521688e-02 1.150757889406664874e-01 1.293403254480323561e+00 -9.894005724548136926e-02 9.893823079611795412e-01 1.064589769144461961e-01 5.408052808855057236e-02 -1.046370327229614872e-01 -1.167349234330553459e-01 9.876355851395861585e-01 3.725571150917101448e+00
9.895273119043677124e-01 8.825262323861632341e-02 1.142242246058999683e-01 8.935222789954755385e-01 -1.007266930083992040e-01 9.889819172393864433e-01 1.084845642895759521e-01 5.632475099776268479e-02 -1.033916452664718488e-01 -1.188538676905815661e-01 9.875140129760598962e-01 4.442256624836016243e+00
9.904464805298688335e-01 7.927464907295926622e-02 1.128330590755887292e-01 6.698619589519116957e-01 -9.196034556062296361e-02 9.894366521442091722e-01 1.120642951078985317e-01 5.690884019498110291e-02 -1.027573065546530662e-01 -1.213698537859320276e-01 9.872741739464345745e-01 4.518689605433035439e+00
9.904310903746978978e-01 7.871715576872979903e-02 1.133572432924706552e-01 8.081026092481229384e-01 -9.153342651023095577e-02 9.894049952967852724e-01 1.126915574169790601e-01 5.611287311356072394e-03 -1.032854638876303799e-01 -1.219891989868351900e-01 9.871427193066194539e-01 6.959531757074881142e+00
9.906051709133332217e-01 7.669004203204175807e-02 1.132255837383466246e-01 1.056103991002998121e+00 -9.019120681798628580e-02 9.887433779463520311e-01 1.193820705966870399e-01 -2.761999343271970275e-02 -1.027956301234683040e-01 -1.284724484874512351e-01 9.863710703417645220e-01 7.525347503859091347e+00
9.906279916375382300e-01 7.511090546999291129e-02 1.140812607909612725e-01 1.149260030717811354e+00 -8.930747334907955526e-02 9.881399486635998874e-01 1.249144389536357980e-01 -5.384501640434979919e-02 -1.033458145653754767e-01 -1.339320489448882767e-01 9.855870579899287387e-01 7.965608450609732216e+00
9.902808223794794529e-01 7.569450578852231215e-02 1.166800523690883634e-01 1.462899582118949660e+00 -9.048188334189591342e-02 9.877484783171173177e-01 1.271454771870493827e-01 -5.990433332260369781e-02 -1.056263301186090714e-01 -1.364671585974087664e-01 9.849973568543339830e-01 7.346218976217794960e+00
9.902186191363191448e-01 7.689103793920694374e-02 1.164253176950471175e-01 1.700958864421806105e+00 -9.193215534261496569e-02 9.872583291226622038e-01 1.298825253526828261e-01 -5.654978112067698959e-02 -1.049550624306542085e-01 -1.393153252968259148e-01 9.846703382389544457e-01 7.479641812879133767e+00
9.892594078841443483e-01 8.278649525240916462e-02 1.204666763737388818e-01 1.538030849428138502e+00 -9.969476094159698820e-02 9.848509922165312735e-01 1.418783907820760359e-01 -5.658704799350022796e-02 -1.068961110308047219e-01 -1.523644293591404075e-01 9.825264892676194295e-01 7.596990409332800454e+00
9.893974158359856164e-01 7.896307598004584372e-02 1.218916985230868028e-01 1.503870563240012892e+00 -9.678668916625990382e-02 9.842373651421018055e-01 1.480173836357296935e-01 -6.286608532752513412e-02 -1.082824562766626503e-01 -1.582455108048961556e-01 9.814444803313074894e-01 8.262833121258307045e+00
9.897236720621435113e-01 7.789417404240885079e-02 1.199147639370459345e-01 1.552494438023528822e+00 -9.574821179388319503e-02 9.838599597605932612e-01 1.511683151925609925e-01 -7.640590344305753234e-02 -1.062042037684959861e-01 -1.610964842264867858e-01 9.812077200428893642e-01 8.968206646877813881e+00
9.896856550896855342e-01 7.181143314323056026e-02 1.239573401602955122e-01 2.124522359700164564e+00 -9.147473079010279284e-02 9.826994879229958846e-01 1.610406472377698128e-01 -6.022269290621995452e-02 -1.102482550273613249e-01 -1.707185827781994292e-01 9.791325179757971453e-01 8.200385394531775063e+00
9.892914327823154608e-01 6.952990957646378034e-02 1.283279108292588455e-01 2.257662446827850111e+00 -9.055794175818213110e-02 9.819440202127928119e-01 1.660879295820743839e-01 -1.022244469517064047e-01 -1.144627459396075075e-01 -1.759304772989239152e-01 9.777252921702177524e-01 8.740494552094030922e+00
9.888224381240622307e-01 6.829156528609006682e-02 1.325384773307774489e-01 1.686474712223968275e+00 -8.999086197109598673e-02 9.821218053607032594e-01 1.653432919617006391e-01 -8.641961228783845428e-02 -1.188773764182422532e-01 -1.754224089043606993e-01 9.772896949370267761e-01 9.049208256441641396e+00
9.883800182387401101e-01 6.914925463487264778e-02 1.353636588225559101e-01 1.327903391451797255e+00 -9.148501368975833770e-02 9.817965412597137176e-01 1.664513257401332991e-01 -6.740265351470231536e-02 -1.213895869363287167e-01 -1.769009105513727476e-01 9.767142038639157198e-01 8.590837183434057778e+00
9.880429925600504593e-01 6.954722826408570036e-02 1.376017001848572618e-01 1.279287518591842421e+00 -9.392780529348633556e-02 9.792634680578036210e-01 1.795010515850867794e-01 -8.043163188483237747e-02 -1.222645175254419847e-01 -1.902793818788210967e-01 9.740868259996562362e-01 9.640408935982275551e+00
9.885427083321672859e-01 6.688765123031813198e-02 1.353120686272840656e-01 1.818888308138808974e+00 -9.105771930259115576e-02 9.792245745681308344e-01 1.811842275620972609e-01 -5.446790077473639968e-02 -1.203819154138777991e-01 -1.914295553846235287e-01 9.740959499795341925e-01 7.808516922432470864e+00
9.891485172372168622e-01 5.767505574950819447e-02 1.351251227259624432e-01 1.453791768879852064e+00 -8.335265618398789156e-02 9.776792565006837687e-01 1.928616242681372162e-01 -4.810260341252803329e-02 -1.209857245896770878e-01 -2.020318275731854685e-01 9.718773559935169892e-01 8.911741915184546059e+00
9.878510840172519680e-01 6.631668948510137385e-02 1.405429916490922027e-01 3.362411573838803847e-01 -9.149360236560333259e-02 9.792104122757178120e-01 1.810411257614789327e-01 -2.212046191777705673e-02 -1.256151126740131796e-01 -1.917004569283949356e-01 9.733816200655011075e-01 9.714688244301367348e+00
9.878082818166697976e-01 6.891962220509792458e-02 1.395882661598217556e-01 1.445059569210967787e+00 -9.382169449166005704e-02 9.790846999729190259e-01 1.805287786521940219e-01 -6.609780446376323226e-02 -1.242267604709720724e-01 -1.914242303211529939e-01 9.736141309722461390e-01 9.938781115252066201e+00
9.874725315658378078e-01 6.438973856692582765e-02 1.440554093751372500e-01 2.199132473797759779e+00 -8.939184333934845073e-02 9.805986951930654172e-01 1.744571504125038419e-01 -1.023392091759633971e-01 -1.300272961625704715e-01 -1.851490225546452706e-01 9.740701934150899355e-01 9.595315012175131386e+00
9.871077216845940416e-01 6.519954442310632592e-02 1.461758023671139162e-01 2.349148230285606154e+00 -9.049631265116182821e-02 9.806290033987853372e-01 1.737157882567045286e-01 -1.046463028782200766e-01 -1.320180411428427958e-01 -1.847045670797677341e-01 9.738867797196356646e-01 9.425710025269079750e+00
9.866249246241562965e-01 6.687121932624813525e-02 1.486589995129743713e-01 1.976085589857063063e+00 -9.322763674295833636e-02 9.795882364600273506e-01 1.780884463867778711e-01 -1.070600926199150038e-01 -1.337156156090256731e-01 -1.895656271979550278e-01 9.727204157039910370e-01 9.701646002966452187e+00
9.861725030009238502e-01 7.161979881137503501e-02 1.494469763598807455e-01 1.515744940967521437e+00 -9.811050689315656270e-02 9.790907684341551009e-01 1.782009977642754484e-01 -6.893350847746848586e-02 -1.335594353164929748e-01 -1.903992426067750710e-01 9.725790485367786786e-01 8.834456536013174599e+00
9.856207337970260829e-01 7.303119151615422577e-02 1.523752413456415100e-01 1.947515325279197462e+00 -1.010874332746901222e-01 9.774509604467660484e-01 1.853940418557989966e-01 -1.120828270235252333e-01 -1.353997782248803072e-01 -1.981314336177515123e-01 9.707784685855097573e-01 9.323431375462103432e+00
9.861416082115154191e-01 6.624262996189378416e-02 1.521073388424694361e-01 1.793965773315391310e+00 -9.509976215613422101e-02 9.769553632667565823e-01 1.910870310151015772e-01 -1.277830480852317763e-01 -1.359439729883340775e-01 -2.029042438197173337e-01 9.697159914367173839e-01 1.004427194877295548e+01
9.864111287607169043e-01 6.791544280607482442e-02 1.496013960010505739e-01 1.770189629526099928e+00 -9.662477671002457635e-02 9.762490146739138952e-01 1.939110978617522296e-01 -1.376983645626497221e-01 -1.328786573635746260e-01 -2.057312664051503259e-01 9.695452070123325994e-01 1.037933302207617814e+01
9.869797029672645605e-01 5.877358743459039359e-02 1.497221805569191877e-01 3.975252971362683851e-01 -8.868427625620500798e-02 9.754219497792674387e-01 2.017104832023500216e-01 -8.998694748367785934e-02 -1.341870525630668443e-01 -2.123621560186300661e-01 9.679339593255088525e-01 1.047028098537354524e+01
9.882430526077146116e-01 5.175071904182860366e-02 1.438663687288989079e-01 3.225657508086774428e-01 -8.146026903938591301e-02 9.745128434532893680e-01 2.090190003626841431e-01 -1.001739708029818487e-01 -1.293827405051255208e-01 -2.182809680738075631e-01 9.672711747158315720e-01 1.087296594216256196e+01
9.897737748526710400e-01 3.739111395751778394e-02 1.376581970349394224e-01 -1.269649191169777147e+00 -6.803529451339271339e-02 9.719392280640727355e-01 2.251784529005613766e-01 -4.024246905680417541e-02 -1.253757285696486257e-01 -2.322413433203277533e-01 9.645438741386518355e-01 1.061763362123398835e+01
9.903274953748865128e-01 3.177651821377220492e-02 1.350618554393281101e-01 -1.077804221181907884e+00 -6.252590058120273409e-02 9.711870623159787330e-01 2.299700018406067026e-01 -4.372515587817549232e-02 -1.238626806629572058e-01 -2.361904800796782722e-01 9.637801063825282011e-01 1.033619562818436677e+01
9.905644646561930777e-01 3.361345633394050014e-02 1.328614952259532800e-01 -1.950130476026573412e+00 -6.468012312989071533e-02 9.693574649299312451e-01 2.369864697752157023e-01 -2.306639088999151710e-02 -1.208243478455063025e-01 -2.433438734340836740e-01 9.623851808033023758e-01 1.070010600520997102e+01
9.901370807638643079e-01 3.523158047009558591e-02 1.355997678242558957e-01 -1.901415689258613817e+00 -6.753915370804378093e-02 9.680086066847697346e-01 2.416563678048069819e-01 -2.467332373123287681e-02 -1.227478065499101323e-01 -2.484312241281077249e-01 9.608407271059006272e-01 1.093717045618920380e+01
9.910792168668680624e-01 2.937777822037833733e-02 1.299958924019895268e-01 -1.275511129169502489e+00 -6.095221324509716293e-02 9.673289345726743260e-01 2.460885207380041906e-01 -5.282583611767410758e-02 -1.185192541112184694e-01 -2.518167557676199708e-01 9.604902435317036469e-01 1.134415153695969636e+01
9.897493974253683824e-01 3.626958387424938923e-02 1.381327172747605359e-01 -1.019754691391029588e+00 -6.977382874156740078e-02 9.667272627688902054e-01 2.461097564951693351e-01 -5.581961816858171943e-02 -1.246103652143856072e-01 -2.532250317503345061e-01 9.593483935339546242e-01 1.085382253958611543e+01
9.901746013048099426e-01 3.207765371773946966e-02 1.361076157414618792e-01 -1.439065231351890795e+00 -6.551407096160473398e-02 9.663185289402380640e-01 2.488702616481364982e-01 -6.227460981096744064e-02 -1.235401369470605221e-01 -2.553419761001682331e-01 9.589256018087966016e-01 1.182776923014550263e+01
9.902363736734479671e-01 2.724028662907969356e-02 1.367109762909516080e-01 -1.307969151406326525e+00 -6.139091929528226604e-02 9.657129683898476591e-01 2.522491183567331374e-01 -6.649071502249359611e-02 -1.251522244394389083e-01 -2.581790647361528745e-01 9.579564140658101135e-01 1.172964683457045609e+01
9.833977536311951928e-01 8.946773692198423111e-02 1.578745774441780436e-01 -1.358132688670196764e+00 -1.359867306917451335e-01 9.393996468508399866e-01 3.146997181001086608e-01 -6.485622434626936439e-02 -1.201518507093833343e-01 -3.309438434939916962e-01 9.359699275214639069e-01 1.107998684330611283e+01
9.828136278194344877e-01 8.905002460886678184e-02 1.617017813431940454e-01 -1.908197729258575670e+00 -1.365346527639554886e-01 9.401939269166664781e-01 3.120795866179716938e-01 -6.714677496563314918e-02 -1.242403379222224297e-01 -3.287939672594042961e-01 9.361938183553626391e-01 1.104689774199156815e+01
9.817979102197290642e-01 9.387153143760171292e-02 1.651090520647855997e-01 -1.349344818263092272e+00 -1.422867705467621702e-01 9.393596078810628747e-01 3.120224383099858834e-01 -9.217744006525396827e-02 -1.258067502781380076e-01 -3.298358116807440510e-01 9.356179770169869014e-01 1.102680824233918244e+01
9.817337445985954147e-01 8.800388488440612222e-02 1.686836416540498651e-01 -1.607880590825119249e+00 -1.374860388177983339e-01 9.409934477235263328e-01 3.092392608831907030e-01 -9.606464777823209289e-02 -1.315159452181010602e-01 -3.267822632681330330e-01 9.359043266096946923e-01 1.118391865028767640e+01
9.811460560971680955e-01 8.761777837297313187e-02 1.722659035269528405e-01 -1.610206185250320665e+00 -1.385375440607799213e-01 9.403336608770749283e-01 3.107731569925653026e-01 -1.217879337513041449e-01 -1.347581741141528067e-01 -3.287791525241567925e-01 9.347430146168074216e-01 1.204517411722569520e+01
9.798150049293626873e-01 9.169984269979884750e-02 1.776335975093255026e-01 -1.543800277977028124e+00 -1.437917846402865518e-01 9.405938182901926181e-01 3.075828208210557024e-01 -1.053563208573651266e-01 -1.388757674514685125e-01 -3.269165150969102207e-01 9.347936207375707740e-01 1.147075885071187074e+01
9.745072141324776505e-01 1.146547869049752977e-01 1.928470104604479707e-01 -1.071587009696998827e+00 -1.746101425925640771e-01 9.273278140519449764e-01 3.310202764022857624e-01 -1.455806681209397269e-01 -1.408793374046097002e-01 -3.562546913732027032e-01 9.237075333497190011e-01 1.173229097856907899e+01
9.741323079008140651e-01 1.161174582987167386e-01 1.938633090145718552e-01 9.017583892058942396e-01 -1.766513749304380321e-01 9.262940220869053665e-01 3.328267963689966469e-01 -2.168329694562745047e-01 -1.409274225941119230e-01 -3.584635553641534744e-01 9.228452421921408133e-01 1.148811694516568238e+01
9.748177227138753453e-01 1.108006052429249405e-01 1.935294121334936168e-01 1.507490234107932814e+00 -1.726602876117839802e-01 9.242374285577528159e-01 3.405489696574764413e-01 -2.172466135838222456e-01 -1.411340942676508337e-01 -3.653880150343662980e-01 9.200938897223998048e-01 1.111948441996007020e+01
9.746998430833954119e-01 1.080988782186677738e-01 1.956395880722253677e-01 1.823509649963340529e+00 -1.713008172960905073e-01 9.235261497884570403e-01 3.431551845019973346e-01 -2.292551120066237402e-01 -1.435835850189561558e-01 -3.679865258195931244e-01 9.186782194698697168e-01 1.138555836214451844e+01
9.744766058309077827e-01 9.918554000894470868e-02 2.013891092919566639e-01 1.477366791696510084e+00 -1.647075187082479297e-01 9.254511265495118932e-01 3.411915087589541540e-01 -1.983285230838847113e-01 -1.525345140263206223e-01 -3.656534438800944087e-01 9.181670768489691437e-01 1.110938879384427125e+01
9.734073353005984197e-01 9.999264359522939960e-02 2.061058728174086085e-01 1.172085242004356154e+00 -1.668236428883236311e-01 9.260143276832808468e-01 3.386256592444678026e-01 -2.171730381691050482e-01 -1.569969163915567734e-01 -3.640040331536434914e-01 9.180702762269474793e-01 1.216317078008084351e+01
9.707853162935137226e-01 1.060077156461317338e-01 2.152631735629473297e-01 1.182266549797019728e+00 -1.757951896750954424e-01 9.248145842067204692e-01 3.373633591925005448e-01 -1.999517140233111334e-01 -1.633154033029338148e-01 -3.653496257860952001e-01 9.164320651210107194e-01 1.163980021609692628e+01
9.533818159812111892e-01 1.561829481931615027e-01 2.582053439610809686e-01 2.034627155990562208e+00 -2.532703707469026178e-01 8.793335212316737426e-01 4.032699812036994458e-01 -2.351690103554320288e-01 -1.640647197239382127e-01 -4.498660302045464632e-01 8.778971025182323862e-01 1.151499393864302689e+01
9.522189461872992977e-01 1.575701633144492020e-01 2.616308891453896224e-01 2.820438699455222853e+00 -2.565321711817171169e-01 8.775127143314421785e-01 4.051699413029783980e-01 -2.462910899215531302e-01 -1.657417378657033979e-01 -4.529272345749619233e-01 8.760060482151558192e-01 1.100406167193083817e+01
9.534414559466298789e-01 1.484546785642222588e-01 2.625082827164965660e-01 2.185751752586326369e+00 -2.510248558154363208e-01 8.730845844973531555e-01 4.179830499863884108e-01 -2.367994525724244070e-01 -1.671403956116235823e-01 -4.644184715593014379e-01 8.697008516894255692e-01 1.195059451742796952e+01
9.540445557553111078e-01 1.436174586842434431e-01 2.630076257349409086e-01 1.909000025720557936e+00 -2.477305536229402749e-01 8.718196724784940121e-01 4.225636419300209945e-01 -2.505942435258221579e-01 -1.686077057412342650e-01 -4.682995667738452106e-01 8.673332446782530125e-01 1.325980887098937089e+01
9.540040280020926078e-01 1.456206999411740755e-01 2.620513810389573650e-01 1.892854379148444899e+00 -2.492909181716762290e-01 8.708646675138441706e-01 4.236139386199704315e-01 -2.499840223484826041e-01 -1.665243305733577206e-01 -4.694564331486404951e-01 8.671103186460480394e-01 1.373569390459685380e+01
9.528957686749078837e-01 1.450646323959481065e-01 2.663567278468575439e-01 1.914889366955718764e+00 -2.507919788806304839e-01 8.707388214112465885e-01 4.229861560577255486e-01 -2.379869708114457083e-01 -1.705668120432398405e-01 -4.698618491803538411e-01 8.661043847679241736e-01 1.340231749697356278e+01
9.512325499517044758e-01 1.467960585568291176e-01 2.713071195242726663e-01 1.236616165966949232e+00 -2.562559887972696293e-01 8.656580046683282070e-01 4.300803264033151163e-01 -2.308754959398102713e-01 -1.717250829608523155e-01 -4.786304797501183539e-01 8.610594403037805655e-01 1.355770372136263902e+01
9.507308434919318207e-01 1.447995226830904592e-01 2.741239892163197522e-01 1.701273651452026137e+00 -2.558682680103910867e-01 8.657651965100241487e-01 4.300954009720659443e-01 -2.279910772361946059e-01 -1.750494006230312316e-01 -4.790445936890517231e-01 8.601592786215869202e-01 1.322997288687853867e+01
9.504733615483551556e-01 1.479086702719023816e-01 2.733558381402659276e-01 2.018144042820892103e+00 -2.581414449373258257e-01 8.655045915244056198e-01 4.292607557835227405e-01 -2.707137271084976149e-01 -1.730993454425497624e-01 -4.785653845699343600e-01 8.608204164044852558e-01 1.414440767748980576e+01
9.505148433566260602e-01 1.440832434923017269e-01 2.752481634879089811e-01 1.709707321257552870e+00 -2.552142487124460790e-01 8.673359565357883216e-01 4.273102219164557902e-01 -2.362556710162353468e-01 -1.771643864123664258e-01 -4.764119619036523146e-01 8.611877976041244498e-01 1.345383958800463731e+01
9.496527142946705746e-01 1.478911764340075929e-01 2.762026831255084414e-01 1.708910079331359633e+00 -2.589296447413015345e-01 8.668136350152975123e-01 4.261332669784298477e-01 -2.143880157985877943e-01 -1.763949015898933770e-01 -4.761956762556036060e-01 8.614653310543380904e-01 1.284005897029070908e+01
9.533104660407889508e-01 1.335931753933902733e-01 2.708357783333002478e-01 1.659100712866744765e+00 -2.446262638041249438e-01 8.674864194697204933e-01 4.331573652759914683e-01 -2.149611247026514960e-01 -1.770794917383952116e-01 -4.791869943184131619e-01 8.596642821949489477e-01 1.374663310034899766e+01
9.583734465366396948e-01 1.065197519386324315e-01 2.649035285163540143e-01 1.655254901976547011e+00 -2.228899013601144952e-01 8.589630488472262959e-01 4.609800132183128341e-01 -1.936497968875956488e-01 -1.784388658481134426e-01 -5.008353253934966220e-01 8.469495545738420228e-01 1.349467908127932603e+01
9.616446268592144797e-01 8.011685104849586292e-02 2.623373816498048017e-01 8.875812903356168349e-01 -2.028979441245793713e-01 8.513586801387511560e-01 4.837569865360319965e-01 -1.301145834171366644e-01 -1.845861205584571618e-01 -5.184300222117510515e-01 8.349600446528575581e-01 1.277456353886752183e+01
9.606425861846332737e-01 8.161246438229244338e-02 2.655282042758329020e-01 7.185214177083585341e-01 -2.059344072202821951e-01 8.507427196763031052e-01 4.835574886614807943e-01 -1.329764222049307776e-01 -1.864318683362111984e-01 -5.192073098245210128e-01 8.340665008819461157e-01 1.293129571064143235e+01
9.610530854733493333e-01 7.491095557843978348e-02 2.660175100185700470e-01 7.403556868743512709e-01 -2.016651726895872521e-01 8.482506296367444687e-01 4.896958519784966879e-01 -1.462510508739542914e-01 -1.889659361531436099e-01 -5.242701765837837202e-01 8.303208156601725731e-01 1.351926030500559861e+01
9.607781337398015875e-01 7.524877863047098325e-02 2.669138419829258924e-01 1.679253146361920912e-01 -2.039914324802786505e-01 8.437841885759457261e-01 4.964027987268775366e-01 -1.341266093098711920e-01 -1.878639752643062322e-01 -5.313810915189355333e-01 8.260395041243709935e-01 1.380995498879580552e+01
9.585452017737344788e-01 8.277413672920644339e-02 2.726527800065225993e-01 -8.456181719589617174e-01 -2.126353477880860432e-01 8.447600236701648946e-01 4.910872746058708715e-01 -8.702594985004186157e-02 -1.896768436778466238e-01 -5.287049694276733103e-01 8.273413746905764476e-01 1.374862502052216584e+01
9.437069799549544502e-01 1.087398553704988780e-01 3.123984312353412784e-01 4.098134801101300795e-01 -2.686234048854487799e-01 8.030407161414475636e-01 5.319464959624972122e-01 -1.449756679379534674e-01 -1.930248749048876500e-01 -5.859191514816988189e-01 7.870451992070840452e-01 1.450601295663743073e+01
9.449493570823135347e-01 1.037087560230444266e-01 3.103469131051170282e-01 1.501130327891919691e-01 -2.648400567441920872e-01 7.994202175553412060e-01 5.392467525238369142e-01 -1.403972293504667235e-01 -1.921729868984075884e-01 -5.917531661832691192e-01 7.828778534475354656e-01 1.552676777078537995e+01
9.479262721266576985e-01 9.053466885534219855e-02 3.053510379011524778e-01 8.316089377116773207e-01 -2.527101204785193733e-01 7.973165542215422397e-01 5.481093936177509063e-01 -1.254581782289934111e-01 -1.938385349196329599e-01 -5.967325917859187534e-01 7.786763360220150254e-01 1.463696448041825349e+01
9.396466250008332910e-01 1.073865694440045426e-01 3.248574223064500943e-01 1.821481750936469801e+00 -2.848481402031960430e-01 7.715123820235334495e-01 5.688850335587621876e-01 -1.358696819537472678e-01 -1.895409115397614086e-01 -6.270859343721733037e-01 7.555378705036928100e-01 1.417992151810555512e+01
9.421338470334944537e-01 1.117784364395533747e-01 3.160528364387776845e-01 3.747668728541944105e-01 -2.830510112120960264e-01 7.703944402163781513e-01 5.712919844838567629e-01 -5.808362376626252654e-02 -1.796272232309955863e-01 -6.276925900716225915e-01 7.574536771601944052e-01 1.339521456791787202e+01
9.352485009715215680e-01 1.265649771052764494e-01 3.305927222442485158e-01 -1.488536134052660387e-01 -3.009791811334863176e-01 7.759041464529462528e-01 5.544224815439405818e-01 -4.157708038326024536e-02 -1.863377952932201986e-01 -6.180243215986453986e-01 7.637566130370303519e-01 1.332808883770136887e+01
9.340789000582311319e-01 1.332950710989240783e-01 3.312537282608871148e-01 -2.001898361711540453e+00 -3.059855361277741270e-01 7.769656300233852564e-01 5.501792993588205949e-01 3.114124934438944337e-02 -1.840365728506251630e-01 -6.152697244161269285e-01 7.665335648686883996e-01 1.278773553951411301e+01
9.319507717840518346e-01 1.410480927277430185e-01 3.340257392911151757e-01 -1.906199811368026964e+00 -3.125643328355475203e-01 7.794332929954728151e-01 5.429431642532231983e-01 2.987968909804106232e-02 -1.837696841434383332e-01 -6.104008333120946039e-01 7.704800619624894154e-01 1.363783611639170701e+01
9.304150904583035064e-01 1.370789669132441713e-01 3.399075113578175489e-01 -1.880627839236297838e+00 -3.139631937987510391e-01 7.765777088333558620e-01 5.462180655039008403e-01 3.987727488641024109e-02 -1.890895882568763287e-01 -6.149279786878569798e-01 7.655773694668042140e-01 1.319017802460818345e+01
9.310101182536765219e-01 1.379616478652327671e-01 3.379152903133932906e-01 -1.879065392880478136e+00 -3.139008855374756379e-01 7.750545421036861837e-01 5.484128835314082684e-01 4.766890953544855591e-02 -1.862428354811641595e-01 -6.166498524144434779e-01 7.648899043321079061e-01 1.341907428486971909e+01
9.335590120951474669e-01 1.354367722862228340e-01 3.318500439183671991e-01 -2.564155100255050890e+00 -3.083370278255609942e-01 7.755235276035079561e-01 5.509006583814458624e-01 7.163895841006517884e-02 -1.827453096734130145e-01 -6.166199306267200475e-01 7.657571501110959078e-01 1.331450281574158723e+01
